202655, -7736, -2716, 12952, 0, 0
202699, -7696, -2508, 13112, 0, 0
202728, -7688, -2680, 13220, 0, 0
202759, -7712, -2760, 13192, 0, 0
202788, -7760, -2680, 13440, 0, 0
202819, -7572, -2664, 13144, 0, 0
202848, -7512, -2556, 12572, 0, 0
202880, -7436, -2236, 12200, 0, 0
202908, -7328, -2268, 12056, 0, 0
202939, -7308, -1828, 11536, 0, 0
202969, -7128, -1108, 10448, 0, 0
202999, -7144, -1324, 11824, 0, 0
203028, -7556, -892, 12376, 0, 0
203059, -7540, -520, 12840, 0, 0
203088, -7992, -236, 14608, 0, 0
203119, -8064, -1352, 16144, 0, 0
203148, -8000, -1388, 14756, 0, 0
203179, -8428, -1088, 14524, 0, 0
203208, -8300, -968, 14612, 0, 0
203239, -8208, -716, 14348, 0, 0
203269, -8016, -488, 12988, 0, 0
203299, -7828, 36, 11248, 0, 0
203328, -7708, 276, 10548, 0, 0
203359, -7444, -468, 11692, 0, 0
203388, -7052, -412, 11612, 0, 0
203419, -7028, 28, 11416, 0, 0
203448, -6396, -628, 11936, 0, 0
203479, -5668, -276, 9936, 0, 0
203508, -5488, 72, 10740, 0, 0
203539, -5700, 584, 12724, 0, 0
203569, -4768, 1172, 11484, 0, 0
203599, -4636, 1284, 12996, 0, 0
203628, -4540, 1040, 15756, 0, 0
203659, -4432, 3116, 18192, 0, 0
203688, -3848, 3784, 21000, 0, 0
203721, -3876, 3416, 22740, 0, 0
203759, -3596, 1552, 20808, 0, 0
203788, -3204, 2032, 16608, 0, 0
203819, -4008, 2852, 17168, 0, 0
203848, -3936, 2888, 17128, 0, 0
203879, -3100, 3264, 15216, 0, 0
203909, -2588, 4208, 12652, 0, 0
203939, -2320, 4472, 13448, 0, 0
203968, -1716, 3468, 14632, 0, 0
203999, -2196, 4464, 16416, 0, 0
204028, -2348, 4536, 17900, 0, 0
204059, -1872, 4408, 17480, 0, 0
204136, -1908, 5432, 16740, 0, 0
204205, -1352, 6780, 15548, 0, 0
204239, -1584, 7764, 16196, 0, 0
204268, -1304, 8372, 16204, 0, 0
204299, 424, 9996, 17048, 0, 0
204328, -800, 7728, 18992, 0, 0
204359, -1564, 4244, 19828, 0, 0
204389, -840, 4420, 16128, 0, 0
204419, -556, 6876, 12876, 0, 0
204448, -272, 8316, 10488, 0, 0
204479, -1052, 8156, 10360, 0, 0
204509, -1176, 6296, 11980, 0, 0
204539, -1044, 4896, 12808, 0, 0
204568, -316, 4104, 11832, 0, 0
204599, 188, 3172, 11004, 0, 0
204628, -384, 4292, 10736, 0, 0
204659, -1292, 6020, 11344, 0, 0
204689, -480, 5204, 11912, 0, 0
204719, -744, 5948, 11940, 0, 0
204748, -920, 7568, 12160, 0, 0
204779, 56, 7092, 13780, 0, 0
204809, 768, 7832, 14588, 0, 0
204839, 1576, 10280, 15352, 0, 0
204868, 5748, 12768, 15544, 0, 0
204899, 7520, 14036, 17468, 0, 0
204929, 2480, 14128, 19316, 0, 0
204959, -592, 13420, 18188, 0, 0
204988, 712, 12264, 18592, 0, 0
205019, 1416, 13596, 16980, 0, 0
205048, 412, 14348, 15420, 0, 0
205079, -756, 12868, 13824, 0, 0
205109, -324, 12248, 11936, 0, 0
205139, 536, 12048, 10460, 0, 0
205168, 820, 12288, 9964, 0, 0
205199, 2396, 10480, 9920, 0, 0
205229, 3496, 8668, 10172, 0, 0
205259, 3796, 8600, 10020, 0, 0
205288, 3212, 9644, 10364, 0, 0
205319, 3232, 10712, 10976, 0, 0
205348, 3768, 11100, 11772, 0, 0
205379, 4504, 11568, 12816, 0, 0
205409, 3732, 11628, 13544, 0, 0
205440, 4092, 15020, 14308, 0, 0
205468, 6944, 18376, 14884, 0, 0
205499, 3604, 13712, 14792, 0, 0
205529, 540, 9844, 14020, 0, 0
205559, 312, 9852, 13976, 0, 0
205592, 520, 12508, 11844, 0, 0
205622, 608, 14076, 8920, 0, 0
205659, 556, 13436, 5172, 0, 0
205688, 916, 12660, 4780, 0, 0
205719, 1296, 12144, 5740, 0, 0
205762, 1636, 11520, 7720, 0, 0
205799, 2116, 11452, 9480, 0, 0
205829, 1692, 11196, 10816, 0, 0
205859, 712, 11524, 11476, 0, 0
205888, 384, 11480, 11092, 0, 0
205919, 460, 11904, 10296, 0, 0
205948, 1140, 12704, 10028, 0, 0
205979, 1744, 13240, 10172, 0, 0
206052, 4868, 16120, 13828, 0, 0
206081, 4872, 16576, 15804, 0, 0
206119, -996, 15628, 14324, 0, 0
206148, -2256, 13524, 13696, 0, 0
206215, 2708, 12668, 12612, 0, 0
206243, 1912, 13936, 12108, 0, 0
206279, 1140, 13624, 11220, 0, 0
206309, 1536, 13732, 11072, 0, 0
206339, 2436, 13048, 10704, 0, 0
206368, 3380, 12136, 10948, 0, 0
206399, 4288, 10788, 10796, 0, 0
206429, 4772, 9300, 10232, 0, 0
206459, 5076, 8676, 9696, 0, 0
206488, 5228, 8968, 9140, 0, 0
206519, 5384, 9260, 8828, 0, 0
206548, 5532, 10048, 9380, 0, 0
206579, 5404, 10844, 10412, 0, 0
206609, 6044, 13396, 11548, 0, 0
206639, 8716, 15748, 13300, 0, 0
206668, 4732, 13252, 13780, 0, 0
206699, -412, 10832, 12080, 0, 0
206729, -1420, 11188, 12764, 0, 0
206759, -132, 13492, 12768, 0, 0
206788, 1280, 15596, 12324, 0, 0
206819, 716, 16152, 10952, 0, 0
206849, 36, 15660, 8704, 0, 0
206879, 68, 13568, 8256, 0, 0
206909, 708, 11580, 9176, 0, 0
206939, 1024, 10580, 9968, 0, 0
206968, 1416, 10140, 9600, 0, 0
206999, 1188, 10188, 10476, 0, 0
207029, 740, 11480, 10680, 0, 0
207059, 108, 12364, 10748, 0, 0
207092, 192, 11900, 11436, 0, 0
207122, 748, 11252, 11616, 0, 0
207159, 1872, 11908, 11640, 0, 0
207188, 2096, 12120, 11824, 0, 0
207219, 2316, 12660, 12524, 0, 0
207249, 5804, 14680, 14680, 0, 0
207279, 5236, 13824, 15416, 0, 0
207308, 3416, 13140, 14204, 0, 0
207339, 2120, 11948, 13212, 0, 0
207369, 2972, 11332, 12648, 0, 0
207399, 3756, 11660, 12384, 0, 0
207428, 3124, 12856, 11800, 0, 0
207459, 2216, 13400, 11408, 0, 0
207489, 2220, 12352, 11276, 0, 0
207519, 2868, 10752, 11724, 0, 0
207549, 3788, 9636, 11564, 0, 0
207579, 4496, 9156, 11364, 0, 0
207608, 4836, 8416, 11440, 0, 0
207639, 4712, 8140, 11412, 0, 0
207669, 4564, 9452, 11752, 0, 0
207699, 3592, 10752, 11060, 0, 0
207728, 3288, 11036, 11448, 0, 0
207759, 3444, 11548, 12252, 0, 0
207792, 3084, 12940, 12864, 0, 0
207821, 2300, 14020, 13044, 0, 0
207859, 5556, 16744, 14896, 0, 0
207889, 3328, 13408, 16764, 0, 0
207919, -1328, 10636, 15012, 0, 0
207990, 340, 11040, 11724, 0, 0
208023, 4108, 11836, 11908, 0, 0
208059, 4248, 11848, 11468, 0, 0
208089, 2608, 11716, 11568, 0, 0
208119, 1588, 11276, 12068, 0, 0
208148, 2020, 10308, 12592, 0, 0
208217, 3716, 9648, 12388, 0, 0
208246, 3772, 10140, 11892, 0, 0
208279, 3692, 10780, 11420, 0, 0
208309, 3452, 10840, 11084, 0, 0
208339, 3028, 10864, 11564, 0, 0
208368, 2824, 10796, 12000, 0, 0
208399, 3128, 10556, 12092, 0, 0
208429, 3516, 9960, 12496, 0, 0
208459, 4040, 9856, 12540, 0, 0
208488, 4292, 10344, 12728, 0, 0
208519, 4400, 10292, 12760, 0, 0
208548, 5852, 11424, 13776, 0, 0
208579, 6048, 12288, 14652, 0, 0
208612, 3508, 12776, 13060, 0, 0
208642, 2380, 12684, 12524, 0, 0
208679, 3656, 11820, 12244, 0, 0
208708, 4848, 11984, 12800, 0, 0
208739, 4548, 12692, 13276, 0, 0
208769, 3688, 12620, 13720, 0, 0
208799, 3168, 11668, 13828, 0, 0
208829, 3028, 10816, 13248, 0, 0
208859, 3916, 10236, 12800, 0, 0
208888, 4820, 9488, 12860, 0, 0
208919, 5628, 9144, 12852, 0, 0
208949, 5960, 8828, 12808, 0, 0
208979, 6284, 8688, 13432, 0, 0
209008, 5892, 7996, 13800, 0, 0
209039, 5904, 8432, 13720, 0, 0
209069, 5528, 9972, 14136, 0, 0
209099, 4900, 10952, 14220, 0, 0
209128, 4676, 11268, 14428, 0, 0
209159, 5180, 11356, 15300, 0, 0
209188, 6420, 13388, 15776, 0, 0
209219, 5856, 12944, 15584, 0, 0
209249, 2460, 11544, 13136, 0, 0
209280, 248, 11368, 10444, 0, 0
209308, 168, 11368, 9148, 0, 0
209339, 1652, 12212, 9996, 0, 0
209369, 4188, 12672, 11288, 0, 0
209399, 4876, 13288, 11308, 0, 0
209428, 3892, 12512, 10448, 0, 0
209459, 2928, 11928, 10220, 0, 0
209488, 2844, 11044, 10000, 0, 0
209519, 3412, 10448, 10628, 0, 0
209549, 3808, 10004, 11464, 0, 0
209579, 3564, 10000, 11416, 0, 0
209608, 2628, 10308, 11904, 0, 0
209639, 2092, 10516, 11880, 0, 0
209669, 1848, 10404, 11768, 0, 0
209699, 1448, 10332, 11952, 0, 0
209728, 1540, 10424, 11308, 0, 0
209759, 1456, 10572, 11120, 0, 0
209788, 1356, 10864, 11656, 0, 0
209821, 1272, 11536, 12208, 0, 0
209859, 4112, 13352, 13804, 0, 0
209889, 5904, 14532, 15564, 0, 0
209963, -620, 13612, 12808, 0, 0
209999, 2092, 12604, 12976, 0, 0
210028, 3060, 12816, 12276, 0, 0
210062, 2544, 12436, 11648, 0, 0
210099, 2264, 11620, 10520, 0, 0
210128, 2552, 10800, 9672, 0, 0
210159, 2932, 10840, 9184, 0, 0
210225, 3892, 10320, 10288, 0, 0
210259, 3908, 10076, 10568, 0, 0
210288, 3564, 10280, 11064, 0, 0
210319, 3444, 10512, 11016, 0, 0
210349, 3992, 10464, 11500, 0, 0
210379, 4152, 11100, 12140, 0, 0
210409, 3872, 12384, 12288, 0, 0
210439, 3664, 12872, 12484, 0, 0
210468, 3864, 14132, 12836, 0, 0
210499, 7064, 17256, 14648, 0, 0
210529, 5776, 15496, 14952, 0, 0
210560, 1964, 10964, 12920, 0, 0
210588, 872, 10080, 11716, 0, 0
210619, 2000, 10728, 11544, 0, 0
210649, 3064, 12196, 11900, 0, 0
210679, 2408, 12784, 11300, 0, 0
210709, 1532, 12596, 9780, 0, 0
210739, 1416, 11644, 8992, 0, 0
210768, 1780, 9904, 9908, 0, 0
210799, 2152, 8972, 10120, 0, 0
210829, 2172, 10172, 10036, 0, 0
210859, 1712, 11268, 10108, 0, 0
210888, 1404, 11684, 10168, 0, 0
210919, 1340, 11220, 10568, 0, 0
210949, 716, 11168, 10484, 0, 0
210979, 532, 11408, 10148, 0, 0
211008, 760, 12592, 10116, 0, 0
211039, 1316, 13676, 11104, 0, 0
211068, 2132, 14028, 11536, 0, 0
211099, 5536, 16788, 14012, 0, 0
211129, 4628, 18760, 14788, 0, 0
211159, -4, 15280, 13408, 0, 0
211188, -1048, 12652, 14144, 0, 0
211219, 768, 11964, 13712, 0, 0
211249, 2264, 13376, 12384, 0, 0
211279, 2424, 14424, 11360, 0, 0
211308, 2184, 13816, 10312, 0, 0
211339, 1848, 13540, 9780, 0, 0
211368, 1964, 13896, 9052, 0, 0
211399, 2320, 13488, 8680, 0, 0
211429, 3424, 11756, 9408, 0, 0
211459, 4304, 10728, 9552, 0, 0
211488, 4420, 10888, 9084, 0, 0
211525, 4336, 10756, 8640, 0, 0
211559, 4764, 10252, 8896, 0, 0
211589, 4828, 10624, 9020, 0, 0
211619, 4472, 11616, 9420, 0, 0
211648, 4412, 12400, 10020, 0, 0
211679, 3492, 13304, 10804, 0, 0
211708, 6444, 16952, 12184, 0, 0
211739, 7184, 17788, 15264, 0, 0
211768, 2424, 13964, 14264, 0, 0
211799, 1392, 11976, 13820, 0, 0
211828, 1360, 12352, 14084, 0, 0
211906, 1364, 11788, 10188, 0, 0
211939, 1816, 10924, 7948, 0, 0
211969, 2420, 9384, 8224, 0, 0
211999, 2728, 7972, 8800, 0, 0
212028, 2276, 8932, 8048, 0, 0
212059, 2756, 9280, 9100, 0, 0
212088, 2648, 9868, 10656, 0, 0
212119, 2240, 10016, 11704, 0, 0
212148, 2068, 10380, 12824, 0, 0
212179, 1544, 12480, 13728, 0, 0
212248, 3240, 16812, 14916, 0, 0
212279, 4916, 20392, 15956, 0, 0
212308, -16, 18208, 14332, 0, 0
212339, -2680, 15900, 13540, 0, 0
212368, -300, 14952, 14300, 0, 0
212399, 2464, 15092, 13824, 0, 0
212428, 2800, 15440, 12444, 0, 0
212459, 2040, 14216, 11092, 0, 0
212489, 2536, 12412, 9908, 0, 0
212519, 2832, 11560, 9340, 0, 0
212548, 3228, 11632, 8320, 0, 0
212579, 3956, 11280, 7856, 0, 0
212609, 4472, 10804, 7892, 0, 0
212639, 4372, 10408, 7544, 0, 0
212668, 4332, 9956, 7920, 0, 0
212699, 4464, 10312, 8276, 0, 0
212728, 5004, 10424, 8864, 0, 0
212759, 4964, 10840, 9456, 0, 0
212788, 4896, 12084, 10136, 0, 0
212819, 4468, 12796, 10668, 0, 0
212848, 4232, 14544, 11628, 0, 0
212879, 7952, 17896, 13612, 0, 0
212909, 5548, 15124, 14932, 0, 0
212939, 1432, 12112, 14700, 0, 0
212968, 704, 12152, 14508, 0, 0
213001, 1332, 13212, 14112, 0, 0
213039, 1088, 12992, 13068, 0, 0
213068, 572, 11760, 11268, 0, 0
213099, 572, 10580, 8920, 0, 0
213129, 704, 9704, 8820, 0, 0
213159, 1840, 8572, 8648, 0, 0
213188, 2652, 8076, 8464, 0, 0
213219, 2752, 9196, 9328, 0, 0
213249, 1980, 10336, 10156, 0, 0
213279, 1696, 11136, 11324, 0, 0
213308, 796, 12656, 12320, 0, 0
213339, 412, 14044, 13052, 0, 0
213368, 292, 15096, 13256, 0, 0
213399, 212, 15148, 12964, 0, 0
213428, 3396, 17476, 14888, 0, 0
213459, 4092, 17632, 15668, 0, 0
213488, -868, 15940, 13804, 0, 0
213519, -1332, 13948, 13552, 0, 0
213549, 1704, 13292, 13652, 0, 0
213579, 3776, 12568, 13452, 0, 0
213608, 3500, 11920, 12836, 0, 0
213639, 1816, 11536, 11820, 0, 0
213668, 1364, 11264, 10816, 0, 0
213699, 2448, 10376, 10256, 0, 0
213728, 3260, 10232, 10208, 0, 0
213760, 4320, 10408, 10100, 0, 0
213832, 4776, 9444, 10084, 0, 0
213862, 5124, 9988, 10396, 0, 0
213899, 5332, 10020, 10876, 0, 0
213932, 5848, 10840, 12016, 0, 0
213961, 4392, 12084, 12252, 0, 0
213999, 6000, 15660, 12688, 0, 0
214029, 4524, 15412, 14092, 0, 0
214059, -1264, 12832, 13024, 0, 0
214088, -2496, 11212, 12160, 0, 0
214119, -1072, 11088, 12648, 0, 0
214149, 856, 12320, 11896, 0, 0
214179, 1484, 12556, 10940, 0, 0
214245, 1684, 11824, 9080, 0, 0
214279, 1768, 10652, 10012, 0, 0
214308, 2584, 9288, 10920, 0, 0
214339, 2676, 8760, 11876, 0, 0
214369, 2132, 9820, 11768, 0, 0
214400, 1336, 10568, 10520, 0, 0
214428, 560, 11504, 10584, 0, 0
214459, 752, 11960, 10604, 0, 0
214489, 860, 12324, 11196, 0, 0
214531, 1532, 12820, 13104, 0, 0
214562, 1548, 12880, 13328, 0, 0
214599, 5900, 15444, 16168, 0, 0
214631, 4296, 15040, 16704, 0, 0
214663, 260, 13280, 13756, 0, 0
214700, 1228, 12420, 13692, 0, 0
214731, 3784, 11972, 13292, 0, 0
214763, 3940, 12600, 12448, 0, 0
214799, 2880, 11932, 11432, 0, 0
214831, 2540, 11568, 10736, 0, 0
214862, 2932, 10940, 10568, 0, 0
214899, 3472, 10248, 10264, 0, 0
214931, 4264, 9804, 10376, 0, 0
214963, 5052, 9988, 10528, 0, 0
214999, 5364, 9952, 10924, 0, 0
215031, 5372, 9872, 10996, 0, 0
215063, 5140, 10716, 10680, 0, 0
215099, 5308, 11576, 11292, 0, 0
215131, 4576, 12260, 11412, 0, 0
215162, 6068, 15232, 12212, 0, 0
215199, 6908, 13808, 14016, 0, 0
215231, 2456, 11232, 12508, 0, 0
215263, -300, 11380, 9820, 0, 0
215299, 272, 13116, 11132, 0, 0
215331, 564, 15716, 11736, 0, 0
215363, 40, 17432, 11660, 0, 0
215399, 48, 14760, 10800, 0, 0
215431, 704, 12204, 10896, 0, 0
215462, 812, 11172, 10044, 0, 0
215499, 1440, 11216, 8848, 0, 0
215531, 1604, 12208, 8336, 0, 0
215563, 1588, 12660, 8096, 0, 0
215599, 1460, 12000, 9000, 0, 0
215630, 972, 11636, 9636, 0, 0
215663, 1056, 11564, 9820, 0, 0
215699, 1208, 12624, 10232, 0, 0
215731, 1748, 12904, 10896, 0, 0
215762, 1760, 13184, 11356, 0, 0
215799, 6460, 16036, 13864, 0, 0
215872, 156, 14796, 13468, 0, 0
215907, 2612, 13924, 14480, 0, 0
215939, 4944, 12856, 14556, 0, 0
215970, 3724, 12372, 13148, 0, 0
216003, 1968, 11904, 11152, 0, 0
216039, 2120, 11792, 10048, 0, 0
216071, 3092, 12332, 9464, 0, 0
216110, 4068, 12420, 8744, 0, 0
216141, 4540, 11644, 8612, 0, 0
216179, 5124, 10404, 8768, 0, 0
216211, 4820, 10440, 8592, 0, 0
216243, 4752, 10044, 8876, 0, 0
216279, 4680, 10436, 9752, 0, 0
216311, 4428, 11132, 10540, 0, 0
216343, 3948, 11700, 11408, 0, 0
216414, 3808, 12700, 12304, 0, 0
216445, 6244, 15100, 14212, 0, 0
216479, 5256, 14748, 14892, 0, 0
216511, 3560, 12576, 15408, 0, 0
216543, 2688, 11128, 15172, 0, 0
216579, 3428, 11776, 14472, 0, 0
216611, 3808, 13120, 13284, 0, 0
216643, 4180, 13172, 12044, 0, 0
216679, 4068, 12280, 11144, 0, 0
216711, 3724, 11188, 10800, 0, 0
216742, 3228, 11308, 9740, 0, 0
216779, 3344, 11496, 8604, 0, 0
216811, 3908, 10948, 8864, 0, 0
216843, 4504, 10292, 9180, 0, 0
216879, 4668, 9776, 9796, 0, 0
216910, 4688, 10012, 10528, 0, 0
216943, 4268, 10504, 11788, 0, 0
216979, 3504, 10428, 12404, 0, 0
217011, 2416, 11160, 12372, 0, 0
217042, 1836, 12048, 12660, 0, 0
217079, 2420, 13568, 14000, 0, 0
217111, 1664, 13992, 14824, 0, 0
217143, -24, 13720, 14452, 0, 0
217179, -1304, 13404, 12812, 0, 0
217210, -892, 13096, 10848, 0, 0
217243, 1260, 14080, 10768, 0, 0
217279, 2984, 15012, 11388, 0, 0
217311, 2652, 15324, 10796, 0, 0
217342, 2076, 15168, 10232, 0, 0
217379, 2496, 13724, 9844, 0, 0
217411, 3664, 12064, 10168, 0, 0
217443, 4736, 10996, 10800, 0, 0
217479, 5016, 10168, 10916, 0, 0
217510, 4604, 10448, 9968, 0, 0
217542, 4728, 10044, 9856, 0, 0
217579, 4752, 9520, 9660, 0, 0
217611, 4876, 9544, 9372, 0, 0
217643, 4840, 10144, 9584, 0, 0
217679, 4728, 11160, 10000, 0, 0
217717, 4136, 13916, 11552, 0, 0
217749, 1456, 18924, 13624, 0, 0
217780, 3196, 20592, 12632, 0, 0
217819, 2980, 13312, 17228, 0, 0
217850, -1064, 10256, 15684, 0, 0
217882, -1508, 9952, 13144, 0, 0
217919, -580, 11164, 11964, 0, 0
217995, 1432, 11120, 10932, 0, 0
218027, 1008, 9404, 10224, 0, 0
218059, 1436, 8276, 10268, 0, 0
218091, 1632, 7900, 10784, 0, 0
218123, 1500, 9128, 11248, 0, 0
218159, 876, 11124, 11444, 0, 0
218191, 688, 11612, 11980, 0, 0
218223, 824, 11768, 11840, 0, 0
218259, 1376, 11720, 11596, 0, 0
218291, 1436, 13152, 11036, 0, 0
218327, 2044, 13044, 11568, 0, 0
218359, 5036, 14144, 14100, 0, 0
218391, 7400, 14660, 16520, 0, 0
218423, 4196, 12408, 16816, 0, 0
218459, 1272, 10396, 15528, 0, 0
218490, 3308, 10784, 14284, 0, 0
218523, 4748, 10908, 13304, 0, 0
218591, 3476, 12904, 11452, 0, 0
218622, 3448, 11560, 11396, 0, 0
218659, 3504, 10648, 10884, 0, 0
218691, 3284, 10632, 9308, 0, 0
218723, 3136, 10116, 9244, 0, 0
218759, 3264, 8820, 10888, 0, 0
218790, 2304, 10196, 11648, 0, 0
218822, 1708, 12256, 11016, 0, 0
218859, 2720, 11352, 12852, 0, 0
218891, 2452, 12944, 13580, 0, 0
218923, 1620, 13692, 12780, 0, 0
218959, 1040, 15808, 12560, 0, 0
218991, 4152, 18376, 13880, 0, 0
219023, 1980, 14292, 14072, 0, 0
219059, -624, 12572, 12708, 0, 0
219090, 540, 12752, 12920, 0, 0
219122, 1616, 12332, 13396, 0, 0
219159, 1140, 12040, 11936, 0, 0
219191, 1092, 11180, 11236, 0, 0
219223, 608, 11220, 10432, 0, 0
219259, 1376, 9364, 10188, 0, 0
219291, 1992, 7500, 11000, 0, 0
219323, 1644, 7620, 10360, 0, 0
219359, 280, 6496, 11064, 0, 0
219390, -424, 5784, 12248, 0, 0
219422, -1476, 6400, 12280, 0, 0
219459, -2432, 7240, 13952, 0, 0
219491, -2832, 8280, 16144, 0, 0
219523, -3316, 9548, 15888, 0, 0
219559, -1300, 10780, 14948, 0, 0
219591, 204, 9424, 16752, 0, 0
219623, -3352, 9868, 16768, 0, 0
219659, -3124, 10280, 13308, 0, 0
219691, -1044, 9668, 12928, 0, 0
219722, -856, 9172, 12796, 0, 0
219759, -3216, 9796, 13260, 0, 0
219791, -3108, 8568, 12376, 0, 0
219823, -1840, 7436, 11860, 0, 0
219859, -1628, 8264, 10932, 0, 0
219891, -2532, 10204, 11528, 0, 0
219923, -2640, 9008, 11868, 0, 0
219959, -2092, 8648, 13104, 0, 0
219991, -2636, 9928, 12660, 0, 0
220022, -2268, 9992, 13036, 0, 0
220095, -2380, 11644, 15624, 0, 0
220131, -76, 14088, 14660, 0, 0
220163, -2324, 11512, 16792, 0, 0
220199, -5016, 9944, 14080, 0, 0
220231, -2884, 9572, 11312, 0, 0
220263, -700, 10344, 11008, 0, 0
220299, -852, 11804, 10760, 0, 0
220331, -2104, 11412, 10628, 0, 0
220362, -1984, 9744, 10508, 0, 0
220399, -1056, 8152, 10052, 0, 0
220431, -304, 7900, 9692, 0, 0
220463, -156, 8068, 9832, 0, 0
220499, -1056, 9684, 10564, 0, 0
220534, -1268, 9608, 10872, 0, 0
220566, -1276, 9604, 11600, 0, 0
220599, -728, 9356, 12488, 0, 0
220631, -376, 10220, 13132, 0, 0
220662, -608, 11260, 13948, 0, 0
220699, 1988, 13292, 14620, 0, 0
220731, 3692, 14076, 16644, 0, 0
220802, -584, 11148, 14636, 0, 0
220839, 2352, 10904, 12956, 0, 0
220871, 2880, 11204, 12200, 0, 0
220903, 1392, 11876, 12488, 0, 0
220939, 660, 11592, 12548, 0, 0
220975, 1452, 10560, 11800, 0, 0
221006, 2316, 9752, 11368, 0, 0
221039, 3396, 9040, 11792, 0, 0
221071, 3776, 9076, 13188, 0, 0
221103, 3480, 10428, 13444, 0, 0
221139, 3188, 11688, 13384, 0, 0
221171, 3784, 12748, 14572, 0, 0
221203, 4392, 13448, 15352, 0, 0
221239, 3480, 12684, 16028, 0, 0
221271, 3420, 13748, 15384, 0, 0
221302, 4696, 13544, 15600, 0, 0
221339, 1244, 8832, 13916, 0, 0
221371, 384, 8452, 11908, 0, 0
221403, 2084, 9100, 10688, 0, 0
221440, 4220, 10908, 9644, 0, 0
221471, 4196, 12704, 8596, 0, 0
221503, 2668, 13548, 7896, 0, 0
221539, 1796, 12732, 8688, 0, 0
221571, 2116, 11704, 9708, 0, 0
221602, 3268, 10424, 10804, 0, 0
221639, 3804, 10292, 11332, 0, 0
221671, 2668, 11688, 10228, 0, 0
221703, 2156, 11572, 10252, 0, 0
221740, 1672, 11460, 10828, 0, 0
221771, 1692, 11404, 10868, 0, 0
221803, 1684, 11700, 11532, 0, 0
221839, 2004, 11600, 12072, 0, 0
221871, 4172, 13272, 13760, 0, 0
221902, 7740, 16212, 17220, 0, 0
221939, 2364, 14188, 15712, 0, 0
221971, 408, 13308, 14708, 0, 0
222003, 2520, 12892, 14192, 0, 0
222039, 4296, 12468, 13008, 0, 0
222071, 3000, 13232, 11944, 0, 0
222103, 1836, 12828, 10696, 0, 0
222139, 1684, 12060, 10092, 0, 0
222171, 2552, 11976, 10116, 0, 0
222245, 4540, 10620, 10924, 0, 0
222279, 4848, 10160, 10884, 0, 0
222311, 5028, 9908, 10704, 0, 0
222343, 5556, 10064, 11192, 0, 0
222380, 5808, 10892, 11776, 0, 0
222411, 5512, 11224, 12504, 0, 0
222443, 4936, 13700, 12508, 0, 0
222479, 7144, 15716, 12712, 0, 0
222511, 3152, 11152, 13036, 0, 0
222542, 336, 9324, 12688, 0, 0
222580, 928, 11444, 11396, 0, 0
222619, 1780, 14076, 10116, 0, 0
222651, 1032, 14544, 8732, 0, 0
222683, 300, 13352, 7748, 0, 0
222720, 844, 12568, 7708, 0, 0
222764, 1876, 11240, 9752, 0, 0
222799, 2252, 10652, 11068, 0, 0
222831, 1324, 11680, 10800, 0, 0
222863, 712, 12612, 9932, 0, 0
222899, 672, 13140, 9548, 0, 0
222930, 1012, 13252, 10152, 0, 0
222998, 924, 15124, 11200, 0, 0
223030, 3720, 16172, 13792, 0, 0
223062, 5608, 16720, 15784, 0, 0
223099, 1492, 14536, 13564, 0, 0
223131, 56, 12920, 12432, 0, 0
223163, 2552, 12380, 11864, 0, 0
223199, 4096, 13240, 11212, 0, 0
223230, 3192, 13652, 10764, 0, 0
223262, 2100, 13152, 10148, 0, 0
223299, 2060, 11928, 10160, 0, 0
223331, 2952, 11124, 10040, 0, 0
223363, 4048, 10712, 10284, 0, 0
223399, 4712, 9792, 10272, 0, 0
223431, 4804, 9224, 10312, 0, 0
223463, 4788, 9492, 10048, 0, 0
223499, 4532, 9708, 10296, 0, 0
223531, 4296, 10868, 11108, 0, 0
223562, 3852, 12228, 12036, 0, 0
223599, 3116, 12552, 12360, 0, 0
223631, 5568, 16004, 12928, 0, 0
223663, 4168, 12812, 9764, 1, 0
223699, -148, 12556, 12004, 1, 0
223731, -1024, 12424, 10988, 1, 0
223762, 804, 13224, 9820, 1, 0
223799, 2548, 14272, 9092, 1, 0
