326670, -7200, -80, 14912, 0, 0
326752, -5040, -296, 16620, 0, 0
326781, -3448, 876, 16840, 0, 0
326819, -2616, 3912, 20900, 0, 0
326849, -1704, 4608, 28432, 0, 0
326879, -348, 1400, 30064, 0, 0
326908, 208, 780, 27892, 0, 0
326939, 768, 1892, 24536, 0, 0
326969, 1692, 1992, 23220, 0, 0
326999, 1680, 1024, 21560, 0, 0
327028, 848, 880, 17872, 0, 0
327059, 20, 840, 14652, 0, 0
327089, -720, 928, 12760, 0, 0
327119, -1016, 1320, 12352, 0, 0
327149, -1408, 1892, 11568, 0, 0
327179, -840, 2364, 12856, 0, 0
327208, -380, 2600, 13296, 0, 0
327239, -600, 4120, 14796, 0, 0
327269, -392, 5484, 17084, 0, 0
327299, -988, 6192, 18236, 0, 0
327328, -2056, 6072, 18196, 0, 0
327359, -1824, 5152, 20260, 0, 0
327389, -2704, 4544, 18920, 0, 0
327419, -2060, 2640, 16004, 0, 0
327449, -2468, 2848, 14228, 0, 0
327479, -2888, 4976, 12560, 0, 0
327508, -3496, 6232, 9368, 0, 0
327539, -2424, 4056, 8084, 0, 0
327569, -2572, 2048, 9268, 0, 0
327599, -3060, 2168, 8456, 0, 0
327628, -3280, 2872, 6504, 0, 0
327659, -3320, 2660, 8552, 0, 0
327689, -3520, 3620, 9360, 0, 0
327719, -3288, 4508, 11204, 0, 0
327749, -2644, 4584, 12568, 0, 0
327779, -2996, 5980, 14280, 0, 0
327809, -1676, 5552, 19136, 0, 0
327839, -952, 4692, 20472, 0, 0
327905, -728, 6932, 28232, 0, 0
327939, -2848, 6148, 31280, 0, 0
327968, -2896, 7028, 25896, 0, 0
327999, -5012, 9660, 24132, 0, 0
328029, -4704, 8216, 21556, 0, 0
328059, -2076, 4476, 17248, 0, 0
328089, 156, 4380, 12424, 0, 0
328119, 592, 5200, 7888, 0, 0
328148, 2152, 7368, 6832, 0, 0
328181, 3820, 9176, 6332, 0, 0
328219, 6000, 10288, 6604, 0, 0
328249, 6464, 12820, 6864, 0, 0
328279, 6852, 14020, 10072, 0, 0
328308, 6924, 14392, 13856, 0, 0
328339, 6432, 16012, 14884, 0, 0
328369, 4336, 15856, 14300, 0, 0
328399, 4276, 11956, 18200, 0, 0
328429, 6616, 9112, 17756, 0, 0
328459, 6764, 12732, 14892, 0, 0
328488, 5420, 13876, 14712, 0, 0
328519, 2748, 11192, 15120, 0, 0
328549, 1332, 9144, 15692, 0, 0
328579, -776, 8828, 14720, 0, 0
328612, -1652, 8228, 13648, 0, 0
328642, -2032, 7952, 14276, 0, 0
328710, 160, 12708, 15316, 0, 0
328743, 2296, 14624, 17136, 0, 0
328779, 4408, 18672, 21104, 0, 0
328809, 4352, 21880, 23448, 0, 0
328839, 616, 22236, 23300, 0, 0
328868, -604, 19452, 21320, 0, 0
328899, 3840, 18720, 18932, 0, 0
328929, 7600, 18892, 17176, 0, 0
328960, 7896, 19252, 15524, 0, 0
328988, 6328, 15300, 10900, 0, 0
329019, 5956, 11408, 10144, 0, 0
329049, 6296, 9424, 9660, 0, 0
329079, 7144, 8960, 8184, 0, 0
329109, 7504, 6872, 6844, 0, 0
329139, 7416, 5116, 3724, 0, 0
329168, 7800, 8700, 4352, 0, 0
329199, 8500, 11376, 4756, 0, 0
329229, 7568, 13244, 6044, 0, 0
329259, 5852, 16612, 8792, 0, 0
329288, 5884, 16528, 10864, 0, 0
329319, 4436, 14704, 12356, 0, 0
329349, 2724, 13360, 12636, 0, 0
329379, 4112, 12792, 12264, 0, 0
329409, 5068, 13524, 13312, 0, 0
329439, 4036, 13752, 13028, 0, 0
329468, 1676, 12792, 13584, 0, 0
329499, 272, 11108, 14084, 0, 0
329529, -808, 9528, 12720, 0, 0
329559, -1024, 8308, 12948, 0, 0
329588, -1628, 9032, 13900, 0, 0
329619, -2032, 11696, 14748, 0, 0
329652, 64, 14008, 16580, 0, 0
329681, 748, 14844, 17676, 0, 0
329719, 2396, 15412, 21564, 0, 0
329749, 3760, 16048, 23844, 0, 0
329779, 1908, 15968, 24652, 0, 0
329808, -2184, 16300, 21724, 0, 0
329839, -1256, 17208, 18464, 0, 0
329869, 1356, 18520, 18164, 0, 0
329938, 2316, 14896, 13076, 0, 0
329968, 2308, 12600, 12092, 0, 0
329999, 2780, 11252, 11248, 0, 0
330029, 3692, 10412, 10360, 0, 0
330059, 3996, 11440, 10888, 0, 0
330089, 4908, 11972, 10476, 0, 0
330119, 6724, 12024, 10328, 0, 0
330148, 6108, 12692, 10740, 0, 0
330179, 3788, 13732, 12964, 0, 0
330209, 324, 11636, 11508, 0, 0
330240, -2000, 10508, 16012, 0, 0
330268, -5048, 7836, 17224, 0, 0
330299, -4764, 3676, 15132, 0, 0
330329, -4628, 3396, 13280, 0, 0
330359, -5216, 5560, 11968, 0, 0
330389, -5516, 6392, 9332, 0, 0
330419, -6472, 6376, 8932, 0, 0
330448, -5832, 4300, 10344, 0, 0
330479, -5404, 3180, 9676, 0, 0
330509, -4452, 2664, 6868, 0, 0
330539, -4684, 3324, 6152, 0, 0
330568, -5200, 4256, 7640, 0, 0
330599, -5412, 5452, 7960, 0, 0
330670, -5612, 4920, 12644, 0, 0
330703, -5420, 5824, 15424, 0, 0
330739, -4020, 6908, 18884, 0, 0
330769, -3912, 8080, 20476, 0, 0
330799, -3388, 8040, 20100, 0, 0
330828, -4240, 8640, 18312, 0, 0
330859, -3836, 10804, 17068, 0, 0
330889, -3604, 12008, 17452, 0, 0
330919, -2296, 12452, 13448, 0, 0
330949, -808, 12664, 10688, 0, 0
330979, 0, 9688, 12640, 0, 0
331009, -272, 8228, 15196, 0, 0
331039, -160, 7580, 12952, 0, 0
331069, 312, 6776, 10732, 0, 0
331099, 852, 6424, 11312, 0, 0
331134, 1740, 7752, 11188, 0, 0
331163, 3500, 8416, 10792, 0, 0
331199, 4984, 8028, 12452, 0, 0
331229, 5672, 8496, 14116, 0, 0
331259, 6408, 9760, 13508, 0, 0
331288, 6656, 10132, 13608, 0, 0
331319, 8868, 14364, 15188, 0, 0
331348, 10748, 13448, 16644, 0, 0
331379, 9068, 10992, 18252, 0, 0
331409, 8492, 8232, 18772, 0, 0
331439, 7976, 8160, 20960, 0, 0
331468, 4548, 9776, 20240, 0, 0
331499, 332, 13576, 17072, 0, 0
331529, 788, 11544, 12828, 0, 0
331559, 2904, 8652, 12132, 0, 0
331588, 3096, 7552, 12712, 0, 0
331619, 2812, 7188, 11708, 0, 0
331649, 2508, 7948, 12476, 0, 0
331679, 1752, 8332, 11796, 0, 0
331708, 1328, 8880, 12236, 0, 0
331739, 1096, 10244, 13388, 0, 0
331768, 760, 11052, 14268, 0, 0
331799, 1588, 13232, 16312, 0, 0
331829, -2208, 17140, 17388, 0, 0
331859, -3992, 16800, 17600, 0, 0
331925, 704, 16904, 18460, 0, 0
331959, -496, 16992, 14736, 0, 0
331988, -376, 15120, 12484, 0, 0
332019, 628, 13672, 11596, 0, 0
332048, 1352, 12792, 9704, 0, 0
332079, 1748, 13560, 8412, 0, 0
332108, 3172, 13420, 8436, 0, 0
332139, 4308, 13696, 8576, 0, 0
332169, 5708, 15240, 9252, 0, 0
332199, 7020, 16732, 10156, 0, 0
332228, 7784, 18872, 12076, 0, 0
332259, 9332, 19444, 12412, 0, 0
332289, 9204, 16728, 12380, 0, 0
332319, 6224, 11644, 12900, 0, 0
332348, 2792, 8792, 13152, 0, 0
332379, 1992, 11524, 11088, 0, 0
332408, 2808, 14912, 8972, 0, 0
332439, 4056, 12904, 8320, 0, 0
332469, 3724, 10448, 9188, 0, 0
332499, 2660, 9060, 10652, 0, 0
332528, 1004, 8508, 11176, 0, 0
332559, -1032, 8688, 11004, 0, 0
332592, -2824, 9468, 11532, 0, 0
332665, -3152, 11124, 14332, 0, 0
332707, -3028, 11948, 17772, 0, 0
332739, -1548, 14860, 19776, 0, 0
332769, 1832, 18656, 22276, 0, 0
332800, 2480, 18532, 23004, 0, 0
332828, 116, 18160, 20732, 0, 0
332859, 1160, 19536, 17244, 0, 0
332889, 3760, 19864, 15000, 0, 0
332919, 6268, 19004, 13796, 0, 0
332949, 5596, 15220, 10228, 0, 0
332979, 4488, 11760, 8628, 0, 0
333008, 3852, 9308, 8240, 0, 0
333039, 4224, 9092, 8108, 0, 0
333069, 5416, 10140, 7412, 0, 0
333099, 6344, 10624, 6464, 0, 0
333128, 8292, 11544, 6252, 0, 0
333159, 9180, 14328, 6636, 0, 0
333189, 9660, 14316, 6028, 0, 0
333219, 8400, 14580, 9164, 0, 0
333249, 7088, 16896, 10152, 0, 0
333279, 4648, 15368, 9964, 0, 0
333308, 4296, 12788, 11588, 0, 0
333339, 5052, 11944, 12792, 0, 0
333369, 5312, 14188, 12392, 0, 0
333399, 3620, 15944, 12584, 0, 0
333428, 676, 14580, 11712, 0, 0
333459, -800, 12332, 12456, 0, 0
333489, -2052, 11004, 11840, 0, 0
333519, -3024, 10504, 12496, 0, 0
333549, -2748, 9796, 13524, 0, 0
333579, -2444, 12452, 12300, 0, 0
333608, -1780, 15172, 12492, 0, 0
333639, -1164, 15868, 14404, 0, 0
333669, 584, 15888, 17204, 0, 0
333699, 2676, 15652, 20388, 0, 0
333728, 3620, 13924, 22256, 0, 0
333759, -52, 14436, 21292, 0, 0
333789, -632, 18172, 18444, 0, 0
333819, 1356, 20064, 15324, 0, 0
333849, 3940, 20624, 14292, 0, 0
333879, 4468, 17544, 12316, 0, 0
333948, 4116, 11496, 10960, 0, 0
333979, 4852, 10080, 10792, 0, 0
334009, 5776, 10392, 11108, 0, 0
334039, 7304, 11700, 9576, 0, 0
334075, 8836, 13860, 7988, 0, 0
334104, 9400, 15468, 6996, 0, 0
334139, 8920, 15192, 6928, 0, 0
334169, 8564, 15220, 7572, 0, 0
334199, 6224, 13460, 8076, 0, 0
334228, 6108, 11504, 9328, 0, 0
334259, 6856, 11208, 10192, 0, 0
334288, 7064, 12788, 9900, 0, 0
334319, 5876, 12860, 10012, 0, 0
334349, 2552, 12864, 9912, 0, 0
334379, 104, 13288, 10040, 0, 0
334408, -940, 12340, 9240, 0, 0
334439, -964, 11580, 9812, 0, 0
334469, -924, 11520, 11000, 0, 0
334499, -720, 12644, 11288, 0, 0
334567, 1328, 14920, 14060, 0, 0
334601, 2768, 16040, 17088, 0, 0
334639, 3724, 16196, 22536, 0, 0
334668, -1020, 16092, 24956, 0, 0
334699, -6200, 18876, 20544, 0, 0
334735, -2964, 21280, 14824, 0, 0
334765, 324, 22344, 12836, 0, 0
334799, 2972, 20800, 12620, 0, 0
334828, 2836, 17032, 11960, 0, 0
334859, 3628, 13796, 12596, 0, 0
334888, 4528, 11724, 12428, 0, 0
334919, 6228, 11360, 12300, 0, 0
334949, 7312, 12536, 11852, 0, 0
334979, 8428, 13388, 10608, 0, 0
335008, 10288, 14364, 9952, 0, 0
335039, 12248, 14704, 8096, 0, 0
335069, 12792, 13472, 6528, 0, 0
335099, 11904, 12412, 6664, 0, 0
335128, 10416, 12504, 8024, 0, 0
335159, 7736, 10940, 9796, 0, 0
335188, 5404, 9444, 11772, 0, 0
335219, 5244, 10520, 11276, 0, 0
335249, 4836, 14440, 9292, 0, 0
335279, 4284, 14864, 8620, 0, 0
335308, 2068, 13468, 8920, 0, 0
335339, 696, 12016, 10216, 0, 0
335369, -52, 11196, 10652, 0, 0
335399, -188, 11096, 11572, 0, 0
335428, -1040, 12060, 13340, 0, 0
335459, -1780, 14048, 13588, 0, 0
335489, -844, 15944, 15596, 0, 0
335519, -680, 15120, 18296, 0, 0
335552, -408, 16200, 21200, 0, 0
335582, 572, 18276, 20524, 0, 0
335619, -1340, 21300, 17788, 0, 0
335648, -6172, 21712, 13176, 0, 0
335679, -2236, 22884, 14156, 0, 0
335709, 2584, 20964, 14316, 0, 0
335739, 6708, 18380, 16880, 0, 0
335768, 7812, 15296, 15112, 0, 0
335799, 5648, 13136, 12252, 0, 0
335828, 3644, 13968, 9748, 0, 0
335859, 3316, 12820, 6556, 0, 0
335889, 4580, 10792, 5228, 0, 0
335953, 2552, 8512, 6676, 0, 0
335983, 2096, 9784, 3580, 0, 0
336019, 1872, 10032, 3480, 0, 0
336049, 2088, 11144, 6412, 0, 0
336079, 1536, 11036, 6384, 0, 0
336108, 380, 13992, 9072, 0, 0
336139, -376, 19036, 11384, 0, 0
336168, 1472, 17296, 12364, 0, 0
336199, 796, 19864, 14444, 0, 0
336229, -1572, 22156, 13600, 0, 0
336259, -2216, 23168, 11952, 0, 0
336288, -1024, 22952, 10868, 0, 0
336319, 1672, 21200, 10180, 0, 0
336349, 4180, 17336, 10040, 0, 0
336379, 5292, 13488, 8976, 0, 0
336408, 5192, 11156, 7780, 0, 0
336439, 4056, 10524, 6732, 0, 0
336468, 2728, 10496, 5748, 0, 0
336499, 2548, 9872, 7260, 0, 0
336574, 3124, 9136, 10484, 0, 0
336604, 3440, 9236, 10708, 0, 0
336640, 4980, 11248, 11708, 0, 0
336668, 6708, 10348, 11264, 0, 0
336699, 7912, 10904, 12564, 0, 0
336729, 6764, 12312, 13752, 0, 0
336763, 2948, 16320, 12692, 0, 0
336799, 4780, 19796, 14204, 0, 0
336829, 6620, 19192, 16280, 0, 0
336859, 7160, 15168, 17124, 0, 0
336888, 6032, 9920, 16356, 0, 0
336919, 4744, 8404, 14880, 0, 0
336949, 3080, 8568, 13976, 0, 0
336979, 2588, 8252, 11956, 0, 0
337008, 3848, 9672, 12456, 0, 0
337041, 6320, 10940, 13056, 0, 0
337079, 9012, 10332, 15112, 0, 0
337108, 10840, 11408, 17140, 0, 0
337139, 13440, 12344, 20304, 0, 0
337169, 13404, 11888, 21460, 0, 0
337199, 9388, 15128, 20408, 0, 0
337228, 6712, 13980, 19084, 0, 0
337259, 6300, 7944, 17940, 0, 0
337289, 6168, 9868, 17480, 0, 0
337319, 4432, 13024, 15508, 0, 0
337348, 3232, 13792, 11036, 0, 0
337379, 3840, 11564, 10936, 0, 0
337409, 3104, 9184, 10588, 0, 0
337439, 684, 8456, 9268, 0, 0
337468, -1276, 9396, 8272, 0, 0
337499, -2236, 8464, 7532, 0, 0
337528, -2620, 9896, 9216, 0, 0
337559, -4036, 12212, 8836, 0, 0
337589, -3964, 13824, 8852, 0, 0
337619, -2912, 15260, 11640, 0, 0
337648, -2300, 16160, 14248, 0, 0
337679, 740, 17704, 17368, 0, 0
337709, 2852, 20276, 21328, 0, 0
337739, 2684, 21044, 22440, 0, 0
337768, 1124, 20952, 20832, 0, 0
337799, 2608, 22068, 18968, 0, 0
337828, 5664, 22592, 18260, 0, 0
337859, 8212, 20640, 16224, 0, 0
337889, 8464, 17028, 13168, 0, 0
337920, 7792, 12396, 11304, 0, 0
337989, 7460, 8908, 8924, 0, 0
338019, 7944, 9656, 7100, 0, 0
338049, 9336, 10568, 5892, 0, 0
338079, 11028, 12052, 4656, 0, 0
338108, 11468, 13344, 3732, 0, 0
338139, 10728, 14352, 6424, 0, 0
338168, 9752, 15492, 11332, 0, 0
338199, 6464, 16824, 10520, 0, 0
338229, 6408, 13328, 11084, 0, 0
338259, 7328, 12984, 10940, 0, 0
338288, 8248, 14776, 9636, 0, 0
338319, 8724, 14408, 9916, 0, 0
338349, 7204, 14064, 12112, 0, 0
338379, 5120, 14216, 13892, 0, 0
338408, 2712, 15028, 15548, 0, 0
338439, 372, 15200, 16328, 0, 0
338506, -3020, 14660, 18392, 0, 0
338553, -3876, 18072, 18832, 0, 0
338586, -2524, 16920, 18584, 0, 0
338619, 856, 16528, 20352, 0, 0
338651, 2680, 16192, 21684, 0, 0
338683, 816, 15260, 21080, 0, 0
338719, -2196, 16944, 17704, 0, 0
338751, 16, 19348, 15012, 0, 0
338783, 4396, 21248, 15560, 0, 0
338822, 6264, 19548, 14352, 0, 0
338860, 6752, 16816, 15928, 0, 0
338891, 7292, 14708, 17268, 0, 0
338923, 8828, 14720, 16184, 0, 0
338959, 11164, 14404, 14344, 0, 0
338991, 12300, 14484, 12856, 0, 0
339022, 13156, 14516, 10160, 0, 0
339059, 13464, 13552, 6676, 0, 0
339091, 12312, 11740, 4700, 0, 0
339123, 11472, 10736, 3700, 0, 0
339159, 8604, 9852, 5440, 0, 0
339191, 6152, 10232, 7492, 0, 0
339223, 6616, 11308, 7040, 0, 0
339259, 8596, 13348, 8044, 0, 0
339291, 8192, 14872, 10532, 0, 0
339322, 5976, 15712, 11492, 0, 0
339359, 3860, 16604, 12864, 0, 0
339391, 2408, 17740, 15148, 0, 0
339423, 1048, 18048, 15180, 0, 0
339459, 188, 18536, 17540, 0, 0
339491, -752, 18412, 19684, 0, 0
339523, -1964, 17872, 19244, 0, 0
339559, -1760, 18012, 18808, 0, 0
339591, -212, 19184, 19248, 0, 0
339622, 400, 18848, 18176, 0, 0
339659, -3288, 18828, 14676, 0, 0
339691, -1956, 19744, 13088, 0, 0
339723, 1284, 20484, 13196, 0, 0
339759, 5220, 20064, 14212, 0, 0
339790, 5688, 17128, 14488, 0, 0
339823, 6480, 15644, 14556, 0, 0
339859, 8248, 14288, 14756, 0, 0
339891, 9604, 14024, 13796, 0, 0
339922, 10588, 13908, 11812, 0, 0
339959, 11548, 13616, 10032, 0, 0
339991, 11708, 12144, 7788, 0, 0
340023, 10976, 11344, 6200, 0, 0
340059, 10588, 12156, 5512, 0, 0
340130, 7016, 10632, 7536, 0, 0
340162, 7232, 9916, 9256, 0, 0
340199, 6876, 12268, 10240, 0, 0
340231, 5676, 10972, 9992, 0, 0
340262, 3252, 11796, 9672, 0, 0
340299, 1472, 12564, 9924, 0, 0
340331, 1092, 12812, 10224, 0, 0
340363, 1236, 12648, 11732, 0, 0
340399, 2180, 13244, 13856, 0, 0
340430, 2716, 15112, 15312, 0, 0
340463, 3816, 16060, 17040, 0, 0
340499, 4004, 15580, 18216, 0, 0
340531, 2592, 14344, 18540, 0, 0
340562, 2212, 13596, 18780, 0, 0
340635, -3012, 17760, 18260, 0, 0
340672, -6152, 22400, 10948, 0, 0
340704, -1524, 19560, 9812, 0, 0
340739, 3836, 15032, 13880, 0, 0
340771, 5776, 12616, 15568, 0, 0
340803, 4832, 10616, 14484, 0, 0
340839, 2604, 11404, 11228, 0, 0
340871, 3352, 10676, 9588, 0, 0
340903, 3908, 11884, 10796, 0, 0
340939, 4200, 11372, 9480, 0, 0
340971, 5692, 11600, 9124, 0, 0
341003, 7632, 14508, 8428, 0, 0
341039, 7784, 15680, 8012, 0, 0
341071, 6696, 17060, 9460, 0, 0
341103, 4964, 18328, 9616, 0, 0
341139, 5596, 17460, 9708, 0, 0
341171, 4248, 15188, 11568, 0, 0
341203, 2528, 17644, 12600, 0, 0
341239, 252, 20120, 10688, 0, 0
341271, 1216, 18220, 10468, 0, 0
341303, 4580, 15968, 11004, 0, 0
341339, 4752, 13608, 9528, 0, 0
341371, 3772, 12804, 7708, 0, 0
341403, 3776, 12704, 5948, 0, 0
341439, 3844, 11448, 5892, 0, 0
341471, 4520, 10220, 6708, 0, 0
341504, 8116, 8880, 8604, 0, 0
341539, 14332, 892, 4644, 0, 0
341571, 9500, 6184, -1336, 0, 0
341603, 7252, 10756, 8672, 0, 0
341639, 6788, 10460, 15840, 0, 0
341671, 5348, 11980, 15252, 0, 0
341703, 6424, 18168, 18996, 0, 0
341740, 4648, 17768, 17832, 0, 0
341779, 5236, 19444, 17940, 0, 0
341811, 4492, 21412, 17832, 0, 0
341842, 2700, 16632, 14396, 0, 0
341879, 236, 12444, 13492, 0, 0
341911, -1504, 12056, 11884, 0, 0
341943, -616, 12332, 12216, 0, 0
341979, 1728, 13316, 13032, 0, 0
342010, 3912, 13764, 14432, 0, 0
342043, 6404, 15568, 16020, 0, 0
342079, 8572, 15608, 15696, 0, 0
342111, 10144, 18276, 17108, 0, 0
342142, 9016, 15492, 14268, 0, 0
342179, 5424, 12080, 10084, 0, 0
342211, 1756, 10260, 6960, 0, 0
342243, -920, 5500, 5760, 0, 0
342279, 1240, 8660, 7756, 0, 0
342351, 2508, 17444, 23608, 0, 0
342383, 1748, 13984, 15632, 0, 0
342419, 1252, 9768, 6268, 0, 0
342451, -1664, -8568, 2744, 0, 0
342482, -8544, -6992, 12900, 0, 0
342519, -12520, 1228, 7164, 0, 0
342551, -11316, -2620, 10200, 0, 0
342583, -11240, 2416, 23384, 0, 0
342619, -1892, 25108, 26564, 0, 0
342650, 3980, 27428, 27064, 0, 0
342682, 5328, 17584, 32424, 0, 0
342719, 7340, 16932, 16536, 0, 0
342795, 7280, 2212, 7324, 0, 0
342828, 6308, 5312, 4588, 0, 0
342859, 4492, 8164, 4908, 0, 0
342899, 7580, 17276, 12464, 0, 0
342931, -5028, 19096, 8924, 0, 0
342963, -9456, 11028, 15292, 0, 0
342999, -12908, 11036, 11568, 0, 0
343031, -15304, 8636, 1696, 0, 0
343063, -10092, -1680, 4068, 0, 0
343099, -13588, -5648, 17424, 0, 0
343131, -14916, 8164, 20312, 0, 0
343163, -1660, 24464, 13948, 0, 0
343199, 2456, 22572, 22768, 0, 0
343231, -1952, 20104, 27940, 0, 0
343270, 1076, 19284, 13336, 0, 0
343302, 4824, 12492, 2012, 0, 0
343340, 6032, 9452, 6776, 0, 0
343371, 5148, 10240, 6384, 0, 0
343400, 6612, 12556, 5756, 0, 0
343439, 5696, 16948, 1840, 0, 0
343471, -840, 9308, 8104, 0, 0
343502, -10216, 7988, 7108, 0, 0
343539, -10236, 10436, 7616, 0, 0
343571, -14500, 2728, 12980, 0, 0
343603, -14860, 368, 8944, 0, 0
343639, -15788, 2392, 5032, 0, 0
343671, -11696, -2652, 13928, 0, 0
343703, -8136, 10952, 16328, 0, 0
343739, -5888, 26796, 18032, 0, 0
343771, -9464, 28620, 23040, 0, 0
343802, -228, 15168, 26112, 0, 0
343839, 4100, 9928, 9572, 0, 0
343871, 3040, 12428, 2392, 0, 0
343903, 4088, 9208, -2224, 0, 0
343939, 900, 9684, 3448, 0, 0
343971, -1936, 17304, 6608, 0, 0
344003, -3180, 19228, 4840, 0, 0
344039, -7764, 7404, 17860, 0, 0
344071, -10492, 7352, 18700, 0, 0
344102, -10468, 10992, 12448, 0, 0
344139, -8396, 6388, 2220, 0, 0
344171, -6056, -1484, -828, 0, 0
344203, -8144, -3928, 3220, 0, 0
344239, -15652, 1040, 13588, 0, 0
344271, -10712, 332, 5584, 0, 0
344303, -10536, 6760, 12516, 0, 0
344339, -15920, 17532, 17128, 0, 0
344371, -5100, 19896, 28808, 0, 0
344402, -2532, 12704, 18884, 0, 0
344439, -1140, 7692, 13824, 0, 0
344471, -2548, 9624, 13268, 0, 0
344539, -7732, 12140, 10676, 0, 0
344570, -6364, 11980, 5004, 0, 0
344602, -1640, 13076, 3176, 0, 0
344639, 1984, 10560, 5540, 0, 0
344671, 596, 4816, 18088, 0, 0
344702, -2376, 9592, 22696, 0, 0
344739, -6548, 13500, 17664, 0, 0
344771, -7560, 9420, 16536, 0, 0
344803, -7816, 7824, 8124, 0, 0
344839, -4500, 4916, 2328, 0, 0
344870, -1340, 2212, 2140, 0, 0
344903, -3860, 2176, 7792, 0, 0
344981, -9356, 7752, 4472, 0, 0
345019, -10652, 12416, 7164, 0, 0
345051, -10120, 16752, 23104, 0, 0
345083, -3176, 20428, 32767, 0, 0
345119, 1280, -764, 26472, 0, 0
345151, -2360, 2324, 14624, 0, 0
345183, -6324, 17444, 8596, 0, 0
345219, -376, 17184, -520, 0, 0
345251, -2948, 14148, 10452, 0, 0
345283, 3092, 8900, 15720, 0, 0
345319, 4560, 13824, 12176, 0, 0
345351, 1764, 10188, 17756, 0, 0
345383, -4744, 16752, 19576, 0, 0
345419, -6616, 9528, 18260, 0, 0
345451, -9172, -364, 28428, 0, 0
345489, -14264, -2216, 24672, 0, 0
345521, -11608, -7740, 12856, 0, 0
345559, -11768, -12324, 1592, 0, 0
345591, -15308, -14576, 13768, 0, 0
345623, -15864, 8660, 21756, 0, 0
345659, -9496, 23336, 32767, 0, 0
345691, -2604, 26288, 32767, 0, 0
345722, 5944, 28340, 32767, 0, 0
345759, 9384, 21088, 10724, 0, 0
345791, 5904, 11212, 10388, 0, 0
345823, 9672, 9788, 17352, 0, 0
345859, 10236, 13940, 2644, 0, 0
345891, 5196, 8152, -6520, 0, 0
345923, 2600, 5672, -2016, 0, 0
345959, 4724, 10136, 3660, 0, 0
345991, 1248, 4028, 14556, 0, 0
346022, -6504, 7876, 26792, 0, 0
346059, -10664, -1948, 26344, 0, 0
346091, -14444, -876, 17140, 0, 0
346123, -14592, -5028, 9680, 0, 0
346159, -18304, -16764, 20176, 0, 0
346190, -25468, -4892, 22748, 0, 0
346223, -19972, 196, 14704, 0, 0
346259, -15132, 7320, 26392, 0, 0
346291, -9612, 28368, 32767, 0, 0
346322, -7656, 32767, 25856, 0, 0
346359, 1072, 18512, 24292, 0, 0
346391, 7244, 2928, 15452, 0, 0
346423, 7112, 10320, 7032, 0, 0
346459, 8412, 12948, 7440, 0, 0
346490, 12832, 6400, 12376, 0, 0
346523, 10332, 3068, 8280, 0, 0
346559, -1244, 9408, -7336, 0, 0
346594, -6532, 1248, 820, 0, 0
346626, -8108, -208, 16088, 0, 0
346659, -13032, 6600, 11432, 0, 0
346691, -12492, -9220, 17472, 0, 0
346764, -22316, 6508, 11004, 0, 0
346799, -13784, -628, 15696, 0, 0
346830, -8108, 3564, 32767, 0, 0
346863, -7492, 28428, 32767, 0, 0
346899, -2656, 17824, 27976, 0, 0
346931, 844, 7040, 15684, 0, 0
346962, 1752, 5340, 10580, 0, 0
346999, 3820, 8808, 8924, 0, 0
347031, 4176, 8184, 6356, 0, 0
347108, 5540, 8436, -1232, 0, 0
347140, 12, 3488, 2504, 0, 0
347180, -4804, 4760, 7712, 0, 0
347211, -7588, 7580, 18228, 0, 0
347243, -12824, 1600, 21120, 0, 0
347279, -11528, -3480, 7764, 0, 0
347311, -15212, -3632, 6384, 0, 0
347343, -20944, -1884, 21984, 0, 0
347379, -17484, -2064, 24040, 0, 0
347411, -14540, 8008, 28836, 0, 0
347443, -9168, 17980, 32767, 0, 0
347479, 1492, 14396, 28824, 0, 0
347511, 5428, 9060, 16268, 0, 0
347543, 6004, 5412, 7736, 0, 0
347579, 2876, 6028, 2904, 0, 0
347611, 924, 4652, 3284, 0, 0
347643, 56, 2572, 8040, 0, 0
347679, -752, 5508, 9900, 0, 0
347714, -2528, 7896, 13404, 0, 0
347747, -6672, 3720, 19840, 0, 0
347779, -10524, 7912, 21340, 0, 0
347811, -11752, 3036, 13432, 0, 0
347843, -10980, 524, 13868, 0, 0
347879, -8740, 5008, 10920, 0, 0
347911, -3772, 3268, 5052, 0, 0
347943, -1896, -704, 5740, 0, 0
347979, -3924, -772, 9500, 0, 0
348011, -4760, -4552, 13444, 0, 0
348043, -9896, 648, 14808, 0, 0
348079, -12160, 11932, 16564, 0, 0
348111, -7788, 14944, 25444, 0, 0
348143, -3280, 8804, 28052, 0, 0
348179, -3916, 6764, 11728, 0, 0
348215, -8208, 9856, 5340, 0, 0
348247, -7944, 6964, 6244, 0, 0
348279, -7028, 6140, 12800, 0, 0
348311, -7540, 3088, 19084, 0, 0
348343, -8188, 2892, 18216, 0, 0
348379, -4984, 4052, 14964, 0, 0
348411, -2764, 3604, 11168, 0, 0
348443, -1096, 4808, 9452, 0, 0
348479, -1920, 4876, 10376, 0, 0
348511, -2976, 6620, 18120, 0, 0
348544, -5904, 11332, 15868, 0, 0
348579, -10904, 10728, 15636, 0, 0
348611, -14148, 9372, 22076, 0, 0
348643, -15240, 8236, 22512, 0, 0
348679, -11324, 5648, 23980, 0, 0
348711, -8204, 4872, 16544, 0, 0
348743, -3348, -2732, 7560, 0, 0
348779, -2656, -10344, 2128, 0, 0
348811, -5060, -7520, -3452, 0, 0
348844, -8680, -1316, 688, 0, 0
348879, -7916, -3492, 13756, 0, 0
348947, -16572, 15240, 27564, 0, 0
348979, -11316, 13780, 30524, 0, 0
349011, -9212, 20540, 32767, 0, 0
349043, -4704, 17612, 24564, 0, 0
349079, -1704, 11708, 15140, 0, 0
349111, -812, 11596, 8744, 0, 0
349143, 1716, 9136, 14712, 0, 0
349179, 7944, 1932, 17304, 0, 0
349251, -3648, 13308, 3864, 0, 0
349288, 56, 7468, 4524, 0, 0
349320, 3524, 4596, 6024, 0, 0
349359, -480, 5480, 14324, 0, 0
349391, -9212, 6920, 24140, 0, 0
349423, -14036, 12556, 28044, 0, 0
349459, -15376, 10092, 14512, 0, 0
349491, -14856, 3824, 12176, 0, 0
349523, -13408, -5164, 11948, 0, 0
349559, -11184, -9788, 7768, 0, 0
349591, -14368, -3628, 13308, 0, 0
349623, -13656, -2216, 18664, 0, 0
349659, -9440, 7156, 19416, 0, 0
349691, -9808, 17960, 32767, 0, 0
349723, -3740, 23972, 32767, 0, 0
349759, 5804, 16716, 24648, 0, 0
349791, 5040, 9496, 11116, 0, 0
349824, 3004, 10304, 5140, 0, 0
349859, 3176, 8092, 3504, 0, 0
349891, 3076, 3308, 6788, 0, 0
349939, 456, 3660, 9144, 0, 0
349979, -696, 9388, 4112, 0, 0
350011, -2468, 5552, 13260, 0, 0
350043, -11824, 4464, 17700, 0, 0
350080, -14068, 7100, 21760, 0, 0
350111, -14832, 2256, 16280, 0, 0
350143, -11840, -2980, 8492, 0, 0
350179, -11272, -5284, 4748, 0, 0
350211, -16116, -2584, 15164, 0, 0
350242, -14556, -6320, 17228, 0, 0
350279, -9828, -3360, 15856, 0, 0
350311, -9700, 10068, 26404, 0, 0
350343, -9092, 16568, 32767, 0, 0
350380, 1336, 11708, 32767, 0, 0
350411, 2336, 7996, 19992, 0, 0
350443, 2148, 10228, 10124, 0, 0
350479, 3192, 10076, 3028, 0, 0
350511, 3992, 5464, 1068, 0, 0
350542, 3348, 3948, 9552, 0, 0
350579, 1544, 4324, 10780, 0, 0
350611, -3792, 6052, 8644, 0, 0
350643, -8872, 1604, 10924, 0, 0
350679, -13572, 2160, 18224, 0, 0
350711, -12012, 76, 13984, 0, 0
350743, -9804, -2904, 7900, 0, 0
350779, -9068, -2272, 2896, 0, 0
350811, -13012, 1004, 10960, 0, 0
350842, -12816, -2152, 16928, 0, 0
350879, -11028, -4804, 15944, 0, 0
350911, -10496, 1016, 19732, 0, 0
350943, -13460, 7720, 32156, 0, 0
350979, -7072, 11424, 32767, 0, 0
351011, -204, 9680, 27732, 0, 0
351043, 4372, 4936, 17760, 0, 0
351079, 4688, 2664, 8376, 0, 0
351111, 2544, 5872, 2792, 0, 0
351183, 340, 5532, 8024, 0, 0
351219, -3996, 8028, 4476, 0, 0
351251, -10148, 5268, 15896, 0, 0
351283, -12796, -336, 20396, 0, 0
351319, -12784, 2872, 26464, 0, 0
351395, -10840, 2840, 8200, 0, 0
351428, -6524, 1852, 3112, 0, 0
351460, -2280, -2844, 3260, 0, 0
351505, -3596, -736, 12524, 0, 0
351539, -3036, 3572, 12960, 0, 0
351571, -6320, 8324, 6692, 0, 0
351603, -7744, 10696, 4344, 0, 0
351639, -6604, 7372, 23400, 0, 0
351671, 6972, 4332, 32767, 0, 0
351703, -5708, 512, 20676, 0, 0
351739, -9760, 4968, 14796, 0, 0
351771, -4204, -744, 12976, 0, 0
351803, -2260, -3896, 14292, 0, 0
351839, 176, -3640, 14204, 0, 0
351872, 240, -1064, 12216, 0, 0
351903, -5356, 5872, 9448, 0, 0
351939, -10404, 14520, 7736, 0, 0
351971, -4688, 8700, 13324, 0, 0
352003, 324, 6724, 17348, 0, 0
352039, -1936, 8364, 30720, 0, 0
352071, -5796, 9968, 27212, 0, 0
352103, -4276, 4156, 27880, 0, 0
352139, -7520, 3112, 28856, 0, 0
352181, -4156, 2008, 19488, 0, 0
352219, -1916, 2300, 12504, 0, 0
352250, -344, -1260, 5456, 0, 0
352283, -100, -5960, 716, 0, 0
352319, -5468, -8280, -1548, 0, 0
352351, -9704, -11520, 6776, 0, 0
352382, -12844, -9504, 9164, 0, 0
352419, -13916, -6968, 16864, 0, 0
352451, -13096, -9484, 32767, 0, 0
352483, -9124, 6276, 32767, 0, 0
352519, -5708, 14964, 32767, 0, 0
352550, 864, 13812, 25420, 0, 0
352583, 4012, 9508, 16024, 0, 0
352619, 3164, 7100, 10616, 0, 0
352651, 5652, 9264, 10392, 0, 0
352683, 9816, 3768, 11320, 0, 0
352719, 4484, 752, 10280, 0, 0
352751, -912, 2360, 12012, 0, 0
352783, 412, 788, 8616, 0, 0
352819, 1000, 2316, 8248, 0, 0
352850, -876, 1904, 20488, 0, 0
352882, -6168, 4316, 30736, 0, 0
352919, -8964, 692, 23692, 0, 0
352951, -12556, -1428, 18200, 0, 0
352983, -13924, -1376, 10804, 0, 0
353019, -9176, -12572, 10724, 0, 0
353051, -9308, -20080, 13836, 0, 0
353086, -12432, -9072, 15972, 0, 0
353119, -9612, -8276, 14096, 0, 0
353150, -7448, -3728, 21640, 0, 0
353182, -15244, 14444, 32767, 0, 0
353219, -4032, 19564, 32767, 0, 0
353251, 7932, 11380, 32767, 0, 0
353283, 10080, 5624, 15752, 0, 0
353319, 7320, 8568, 5528, 0, 0
353387, 9240, 3592, 1840, 0, 0
353419, 5904, 4448, 8672, 0, 0
353492, -9884, 10924, 16320, 0, 0
353529, -19612, 3544, 19032, 0, 0
353561, -14924, 3404, 32767, 0, 0
353599, -13424, -5840, 18420, 0, 0
353631, -10268, -5720, 7428, 0, 0
353664, -10168, -4168, 452, 0, 0
353699, -12200, -5856, 9932, 0, 0
353731, -11960, -9928, 15824, 0, 0
353763, -10128, -6268, 18216, 0, 0
353799, -12604, 7948, 27260, 0, 0
353831, -10832, 15528, 31180, 0, 0
353863, 1348, 10004, 30628, 0, 0
353899, 3852, 4968, 21704, 0, 0
353931, 1564, 4408, 17104, 0, 0
353964, 1412, 7444, 10908, 0, 0
353999, 4924, 4992, 1832, 0, 0
354031, 2856, 5692, 3596, 0, 0
354063, 2120, 6732, 7992, 0, 0
354099, 376, 7460, 5584, 0, 0
354131, -8140, 10452, 10508, 0, 0
354163, -15248, 6060, 21720, 0, 0
354199, -14940, 1132, 30272, 0, 0
354231, -14544, -3812, 21244, 0, 0
354263, -12164, -3204, 10048, 0, 0
354299, -9504, -2916, 2188, 0, 0
354331, -8172, -4776, 2396, 0, 0
354363, -10208, -7776, 11724, 0, 0
354399, -9752, -7432, 12836, 0, 0
354432, -10392, -2524, 12472, 0, 0
354463, -15172, 5868, 30532, 0, 0
354499, -11928, 11728, 32767, 0, 0
354531, -1024, 10660, 32767, 0, 0
354563, 2744, 7108, 18876, 0, 0
354599, 2660, 8144, 9944, 0, 0
354631, 2124, 10368, 4400, 0, 0
354663, -132, 6548, 372, 0, 0
354699, -676, 3220, 5184, 0, 0
354732, -2668, 4544, 7840, 0, 0
354763, -5724, 5676, 11000, 0, 0
354799, -8024, 3816, 20244, 0, 0
354831, -9700, 3800, 21704, 0, 0
354863, -7012, 820, 21708, 0, 0
354899, -7992, -2360, 19892, 0, 0
354931, -8624, 1620, 12508, 0, 0
354963, -6232, 3444, 4764, 0, 0
354999, -2072, -1816, 4652, 0, 0
355032, -2364, -4092, 6596, 0, 0
355063, -5460, -1856, 8668, 0, 0
355099, -7600, -916, 10932, 0, 0
355131, -8712, 812, 9720, 0, 0
355163, -10648, 14432, 20780, 0, 0
355200, -1784, 10688, 32767, 0, 0
355231, 776, 440, 30868, 0, 0
355263, -1396, 8824, 16028, 0, 0
355299, -5516, 8560, 3084, 0, 0
355331, -2704, 6212, 8352, 0, 0
355363, 696, 1940, 12420, 0, 0
355399, -364, 1192, 12948, 0, 0
355431, -4476, 5636, 15088, 0, 0
355463, -3296, 6912, 12752, 0, 0
355500, 1332, 9120, 9176, 0, 0
355531, 1108, 7436, 18704, 0, 0
355647, -8656, 1624, 15012, 0, 0
355679, -9948, 3512, 10544, 0, 0
355710, -7792, 816, 8232, 0, 0
355743, -8124, -2248, 7880, 0, 0
355779, -10732, -2168, 9720, 0, 0
355811, -9640, -5228, 7812, 0, 0
355843, -9764, -748, 6428, 0, 0
355879, -11896, 2408, 26900, 0, 0
355911, -14080, 11724, 32767, 0, 0
355943, -6960, 15452, 32767, 0, 0
355979, -2104, 12256, 24804, 0, 0
356011, -1036, 11720, 19960, 0, 0
356043, 1152, 10400, 16792, 0, 0
356079, 2480, 4052, 9640, 0, 0
356111, -2380, 1956, 5548, 0, 0
356143, -2412, 1984, 7192, 0, 0
356179, 112, 2008, 7848, 0, 0
356211, 360, 4716, 7776, 0, 0
356243, -1216, 8524, 16644, 0, 0
356279, -4232, 15904, 24160, 0, 0
356311, -5180, 11052, 17640, 0, 0
356346, -5996, 3556, 17488, 0, 0
356379, -9616, 752, 18736, 0, 0
356411, -12700, -5996, 18328, 0, 0
356443, -13952, -10596, 15284, 0, 0
356480, -12844, -11208, 9112, 0, 0
356511, -10852, -9684, 7108, 0, 0
356543, -9144, -6076, 10656, 0, 0
356579, -9584, 3232, 18608, 0, 0
356615, -11280, 19740, 32767, 0, 0
356646, -5168, 18964, 32767, 0, 0
356679, 2872, 16468, 29292, 0, 0
356711, 5632, 10748, 11380, 0, 0
356743, 4560, 8280, 7328, 0, 0
356779, 7308, 7464, 4816, 0, 0
356811, 4592, 4444, 836, 0, 0
356843, -788, 5468, 3564, 0, 0
356879, 2732, 4352, 6764, 0, 0
356911, 1192, 19968, 10652, 0, 0
356943, -3660, 12156, 14596, 0, 0
356979, -12116, 6528, 24572, 0, 0
357011, -14196, 16, 29048, 0, 0
357043, -18036, -5804, 23556, 0, 0
357079, -15724, -2492, 15104, 0, 0
357111, -9336, -8208, 7884, 0, 0
357143, -10396, -11932, 16636, 0, 0
357179, -11216, -2808, 18208, 0, 0
357211, -7432, -388, 12652, 0, 0
357243, -7160, 5068, 20712, 0, 0
357279, -13260, 20536, 32767, 0, 0
357311, -9720, 27640, 32767, 0, 0
357343, 3344, 12124, 26424, 0, 0
357379, 5304, 2816, 12852, 0, 0
357411, -536, 5064, 7864, 0, 0
357443, -2064, 6772, 5196, 0, 0
357479, 604, 5072, 7900, 0, 0
357511, 4276, 5988, 10368, 0, 0
357543, 5020, 8508, 9628, 0, 0
357579, 716, 5780, 5160, 0, 0
357611, -9512, -1016, 4088, 0, 0
357643, -13188, 5064, 14860, 0, 0
357679, -17884, 2188, 14360, 0, 0
357750, -11660, -6404, -1648, 0, 0
357822, -13952, -7716, 14676, 0, 0
357859, -12436, -3592, 16896, 0, 0
357891, -11252, -2988, 17600, 0, 0
357923, -11664, -5496, 29360, 0, 0
357959, -10292, 3628, 32767, 0, 0
357991, -5888, 8308, 29816, 0, 0
358023, -1544, 4752, 17544, 0, 0
358060, 2868, 4412, 13352, 0, 0
358091, 6044, 7764, 8196, 0, 0
358123, 4428, 6284, 2716, 0, 0
358159, 188, 6296, 4876, 0, 0
358191, -1340, 5048, 5560, 0, 0
358223, -2520, 5980, 7384, 0, 0
358259, -11792, 8276, 16680, 0, 0
358291, -17412, 212, 21828, 0, 0
358323, -12392, -1888, 29008, 0, 0
358359, -13464, -5068, 20396, 0, 0
358391, -11768, -3344, 12356, 0, 0
358423, -7928, -4064, 4352, 0, 0
358459, -6800, -1952, 2060, 0, 0
358491, -9452, -756, 6540, 0, 0
358523, -9412, -3252, 5872, 0, 0
358559, -12824, -196, 9720, 0, 0
358591, -20824, 620, 21420, 0, 0
358623, -21008, 10348, 32767, 0, 0
358659, -7504, 12676, 32767, 0, 0
358691, -1064, 3252, 22324, 0, 0
358723, -2320, 6056, 15780, 0, 0
358759, -4428, 7232, 9792, 0, 0
358791, -5060, 4472, 8864, 0, 0
358827, -5960, 7044, 5748, 0, 0
358859, -4376, 8496, 1988, 0, 0
358891, 844, 3948, 3124, 0, 0
358923, 2864, 4276, 6312, 0, 0
358959, 2768, 7948, 4748, 0, 0
358991, 3952, 3216, 12108, 0, 0
359023, -2420, 1000, 22592, 0, 0
359059, -12936, 14376, 32767, 0, 0
359091, -10620, 8780, 23324, 0, 0
359123, -9000, 4656, 18568, 0, 0
359159, -5480, 2540, 16176, 0, 0
359191, -4352, 2676, 12692, 0, 0
359223, -2632, 896, 11264, 0, 0
359259, -356, -5416, 9868, 0, 0
359291, -1696, -7248, 7960, 0, 0
359323, -3628, -5264, 7144, 0, 0
359359, -5672, -4708, 6460, 0, 0
359391, -10268, -3176, 19740, 0, 0
359424, -14416, 2724, 32767, 0, 0
359459, -15332, 9020, 32767, 0, 0
359491, -8992, 5004, 27300, 0, 0
359527, -4828, 6976, 17996, 0, 0
359559, -2740, 8764, 7316, 0, 0
359591, -304, 8480, 464, 0, 0
359623, -132, 12564, -3104, 0, 0
359659, -2720, 9696, 8396, 0, 0
359691, 56, 6272, 14528, 0, 0
359724, -296, 11672, 16580, 0, 0
359759, -2088, 4084, 32767, 0, 0
359791, -8380, 7612, 32767, 0, 0
359823, -7756, 4816, 25276, 0, 0
359898, -6216, -5752, 7440, 0, 0
359930, -5080, -9536, 1592, 0, 0
359962, -7128, -9360, -1872, 0, 0
360035, -15160, -9536, 14296, 0, 0
360067, -11636, -2788, 20708, 0, 0
360099, -13160, -376, 30644, 0, 0
360131, -14892, 10668, 32767, 0, 0
360163, -7748, 13372, 32456, 0, 0
360199, -4204, 10816, 20608, 0, 0
360231, -272, 5044, 15660, 0, 0
360263, 576, 4000, 14252, 0, 0
360299, 6144, 2340, 8080, 0, 0
360331, 6880, 932, 2784, 0, 0
360364, 1328, 5220, 2988, 0, 0
360399, 832, 5812, 5640, 0, 0
360431, -776, 6744, 5380, 0, 0
360463, -9836, 5416, 18564, 0, 0
360499, -18732, 6320, 32767, 0, 0
360531, -16276, 8024, 31760, 0, 0
360563, -13144, -3720, 12792, 0, 0
360599, -11156, -2900, 10856, 0, 0
360631, -8968, -5516, 7236, 0, 0
360663, -9472, -12228, 3524, 0, 0
360699, -12452, -7936, 2960, 0, 0
360731, -13920, -6432, 5696, 0, 0
360763, -12892, -6572, 15300, 0, 0
360799, -14416, 1780, 26244, 0, 0
360832, -17896, 14792, 32767, 0, 0
360863, -9212, 11380, 32767, 0, 0
360899, 840, 7176, 21016, 0, 0
360931, 3192, 4040, 8100, 0, 0
360963, 3340, 6112, 8824, 0, 0
360999, 8184, 7508, 7064, 0, 0
361037, 7088, 3436, 5476, 0, 0
361070, 4144, 6896, 6364, 0, 0
361102, -1700, 7644, 4548, 0, 0
361139, -13284, 5364, 28632, 0, 0
361168, -22284, 10392, 32767, 0, 0
361200, -12804, -1152, 23404, 0, 0
361239, -8036, -9504, 12068, 0, 0
361271, -9248, -9872, 9848, 0, 0
361303, -13772, -8780, 7968, 0, 0
361339, -12348, -14552, 4444, 0, 0
361371, -13076, -11464, 9948, 0, 0
361403, -12184, -5736, 10116, 0, 0
361439, -15852, -384, 16776, 0, 0
361470, -18044, 2756, 32767, 0, 0
361503, -15480, 11868, 32767, 0, 0
361539, 1020, 11412, 32767, 0, 0
361571, 7184, 4144, 12816, 0, 0
361603, 7296, 4516, 4992, 0, 0
361639, 7516, 4284, 4592, 0, 0
361671, 3332, 4020, 2792, 0, 0
361703, -1772, 1016, 9288, 0, 0
361739, -9556, 5408, 17348, 0, 0
361771, -10848, 3320, 22304, 0, 0
361803, -8892, -8156, 25016, 0, 0
361839, -4736, -320, 29484, 0, 0
361871, -5856, -1752, 11640, 0, 0
361903, -6428, -464, 6040, 0, 0
361939, -4612, -2504, 7684, 0, 0
361971, -3600, -8016, 9204, 0, 0
362045, -3912, -9040, 7232, 0, 0
362082, -2320, -7384, 21732, 0, 0
362119, -2712, 4652, 27704, 0, 0
362151, -3876, 5892, 26072, 0, 0
362220, -1864, -464, 27552, 0, 0
362259, -864, 1596, 21952, 0, 0
362291, 3156, 628, 14128, 0, 0
362323, 648, 4660, 8280, 0, 0
362359, 216, 7932, 9908, 0, 0
362391, -276, 3268, 11500, 0, 0
362423, -4792, 7552, 7148, 0, 0
362459, -5460, 4308, 21668, 0, 0
362491, -2260, -272, 21720, 0, 0
362523, -4800, 4452, 15420, 0, 0
362559, -4216, 808, 15132, 0, 0
362591, -2836, -2904, 19068, 0, 0
362624, -2688, 156, 15372, 0, 0
362659, -1192, 3268, 7008, 0, 0
362691, 2688, -1028, 6952, 0, 0
362723, 1112, -2392, 10884, 0, 0
362759, -1568, 1728, 5644, 0, 0
362795, -152, 3496, 5432, 0, 0
362826, 980, 1188, 14040, 0, 0
362859, 3284, 2976, 31052, 0, 0
362891, 1496, 1672, 30740, 0, 0
362924, 512, 4532, 23044, 0, 0
362959, -1156, 3444, 23020, 0, 0
362991, -1828, 4756, 17864, 0, 0
363023, -148, 5036, 14012, 0, 0
363059, 2148, 3016, 10320, 0, 0
363091, 1856, 4156, 12256, 0, 0
363123, 2204, 5656, 11916, 0, 0
363159, 5652, 4916, 8124, 0, 0
363191, 5596, 6668, 9856, 0, 0
363224, 1924, 11280, 14292, 0, 0
363260, 6820, 4176, 30556, 0, 0
363299, -4336, 5732, 23908, 0, 0
363331, -9196, 9260, 17648, 0, 0
363363, -7352, 3700, 17624, 0, 0
363399, -1996, -5848, 15616, 0, 0
363430, -3864, -8236, 9932, 0, 0
363463, -9340, -2940, 10948, 0, 0
363499, -9280, -4752, 12292, 0, 0
363531, -8832, -2884, 12828, 0, 0
363563, -10952, 4004, 20632, 0, 0
363599, -7928, 9948, 32767, 0, 0
363631, -168, 11104, 32767, 0, 0
363663, 64, 15188, 24628, 0, 0
363699, -1384, 13392, 20548, 0, 0
363730, -3984, 10684, 19508, 0, 0
363763, -1912, 9320, 18668, 0, 0
363799, 2268, 5056, 14628, 0, 0
363831, 4068, 5856, 7348, 0, 0
363863, 4244, 7692, 7740, 0, 0
363899, 8400, 2376, 10256, 0, 0
363931, 2852, 1008, 4828, 0, 0
363963, -6484, 6200, 11528, 0, 0
363999, -1728, -64, 32452, 0, 0
364030, -2372, 1464, 22988, 0, 0
364063, -6768, 4048, 13216, 0, 0
364099, -6432, -1748, 9316, 0, 0
364177, -10004, -5640, 10184, 0, 0
364209, -10956, -6056, 15948, 0, 0
364240, -9272, -4988, 16820, 0, 0
364279, -12584, 6804, 20896, 0, 0
364311, -7332, 7764, 32767, 0, 0
364343, 836, 11500, 32767, 0, 0
364379, -336, 12232, 24772, 0, 0
364465, 3376, 4960, 8796, 0, 0
364499, 5688, 512, 8304, 0, 0
364531, 2800, 1660, 7716, 0, 0
364563, -784, 1880, 10168, 0, 0
364599, -1724, 2284, 4436, 0, 0
364632, -3180, 5036, 5072, 0, 0
364663, -4280, 4800, 22880, 0, 0
364699, -3664, 4052, 32032, 0, 0
364731, -6664, 6060, 26420, 0, 0
364763, -9300, 4260, 19432, 0, 0
364800, -8396, -560, 13376, 0, 0
364831, -8040, -4856, 7304, 0, 0
364863, -8640, -9412, 5296, 0, 0
364899, -8528, -7176, 10168, 0, 0
364931, -10448, -4508, 11616, 0, 0
364963, -9172, -2764, 15168, 0, 0
364999, -7808, 5560, 27532, 0, 0
365031, -4400, 13468, 32767, 0, 0
365063, 1672, 9384, 32767, 0, 0
365100, 1752, 6908, 22728, 0, 0
365131, 1796, 3196, 12264, 0, 0
365163, 1660, 6204, 10596, 0, 0
365199, 5372, 6428, 3744, 0, 0
365231, 6284, 2168, 6504, 0, 0
365263, 5236, 2268, 9184, 0, 0
365299, 3408, 4936, 6380, 0, 0
365331, -6112, 13012, 12056, 0, 0
365363, -12736, 9056, 11316, 0, 0
365399, -8732, 9308, 28004, 0, 0
365431, -7652, 136, 23372, 0, 0
365463, -9120, -3412, 18520, 0, 0
365502, -12192, 2228, 4532, 0, 0
365539, -11480, -2872, 8352, 0, 0
365571, -9068, -13272, 17532, 0, 0
365602, -6204, -12040, 16988, 0, 0
365639, -8044, 4004, 22400, 0, 0
365671, -7624, 11528, 31984, 0, 0
365703, -188, 9792, 32767, 0, 0
365740, 4072, 6084, 26108, 0, 0
365771, 5400, 4632, 13960, 0, 0
365803, 6036, 5112, 6656, 0, 0
365839, 5744, 5476, 2212, 0, 0
365871, 3488, 3708, 5652, 0, 0
365902, 1320, 3776, 7948, 0, 0
365939, -440, 6360, 10492, 0, 0
365971, -5424, 9392, 13744, 0, 0
366006, -9912, 5616, 17464, 0, 0
366039, -8252, 2720, 29996, 0, 0
366071, -8136, 68, 28692, 0, 0
366103, -6116, -2288, 18996, 0, 0
366139, -8428, 2720, 10948, 0, 0
366171, -6608, 2792, 4600, 0, 0
366202, -2760, -1160, 1904, 0, 0
366281, -5504, -2520, 10436, 0, 0
366319, -7764, -2932, 12816, 0, 0
366351, -12180, 1616, 22988, 0, 0
366383, -15184, 4384, 32767, 0, 0
366419, -3260, 9692, 32767, 0, 0
366451, -2568, 5184, 22232, 0, 0
366483, -2192, 4856, 11400, 0, 0
366519, -2432, 5752, 9628, 0, 0
366552, -2992, 7280, 9356, 0, 0
366583, -988, 3288, 10724, 0, 0
366652, -2012, 4460, 11184, 0, 0
366685, -380, 8160, 5004, 0, 0
366720, -476, 10852, 6852, 0, 0
366751, 2376, 4504, 16304, 0, 0
366783, 892, 3872, 26576, 0, 0
366819, -3056, 8332, 29496, 0, 0
366851, -4616, 5296, 22068, 0, 0
366883, -5652, 5136, 15480, 0, 0
366919, -3868, 3360, 9500, 0, 0
366951, -720, -500, 7872, 0, 0
366983, -1308, -3012, 8908, 0, 0
367019, -3168, -2948, 6864, 0, 0
367051, -6500, -664, 5144, 0, 0
367083, -6088, -2380, 8096, 0, 0
367119, -6004, -4024, 8596, 0, 0
367151, -8664, -384, 10636, 0, 0
367183, -8540, 7916, 32767, 0, 0
367219, -5844, 10500, 32767, 0, 0
367251, -1992, 8780, 32767, 0, 0
367283, 912, 9668, 20304, 0, 0
367319, 280, 8076, 11768, 0, 0
367351, -1524, 6708, 7144, 0, 0
367383, -856, 6084, 5624, 0, 0
367419, -496, 5292, 7212, 0, 0
367451, -1100, 4224, 10968, 0, 0
367483, -1048, 5928, 13068, 0, 0
367519, 2728, 11108, 10388, 0, 0
367551, 6020, 8156, 19488, 0, 0
367583, 988, 4080, 32767, 0, 0
367619, -6360, 10688, 32767, 0, 0
367654, -7196, 6252, 21716, 0, 0
367686, -8100, 2812, 17068, 0, 0
367731, -5580, -5132, 12140, 0, 0
367764, -4988, -10708, 7400, 0, 0
367799, -8136, -9824, 7708, 0, 0
367831, -14076, -3920, 11132, 0, 0
367863, -13824, -2408, 6988, 0, 0
367899, -9376, -4916, 10712, 0, 0
367931, -9808, -3416, 16772, 0, 0
367963, -12092, 3624, 32767, 0, 0
368000, -4248, 9420, 32767, 0, 0
368031, -380, 12236, 32767, 0, 0
368063, 3552, 11028, 19760, 0, 0
368099, 5380, 7576, 10552, 0, 0
368131, 6408, 7000, 8300, 0, 0
368163, 7328, 4820, 5576, 0, 0
368199, 4268, 3968, 9452, 0, 0
368231, 2248, 1032, 9384, 0, 0
368263, 1408, 3212, 5548, 0, 0
368299, -2300, 1492, 8520, 0, 0
368373, -14192, 6180, 32364, 0, 0
368410, -13216, -2156, 11852, 0, 0
368442, -11876, -2760, 17836, 0, 0
368479, -7928, -5524, 14060, 0, 0
368512, -8280, -5684, 8556, 0, 0
368543, -10540, -2344, 5840, 0, 0
368579, -8764, -5688, 9740, 0, 0
368611, -7864, -7468, 14504, 0, 0
368644, -8516, -3064, 22944, 0, 0
368679, -8020, 7148, 32124, 0, 0
368711, -3360, 13456, 32767, 0, 0
368743, 3592, 7492, 31864, 0, 0
368779, 5896, 3760, 15604, 0, 0
368812, 6900, 4556, 5524, 0, 0
368883, 3844, 1624, 4988, 0, 0
368919, 344, -1516, 9936, 0, 0
368951, -2540, 36, 6848, 0, 0
368984, -7280, 7976, 3388, 0, 0
369019, -11904, 6352, 15028, 0, 0
369051, -12208, 1768, 32767, 0, 0
369083, -8276, 2776, 32767, 0, 0
369119, -9412, 1212, 18252, 0, 0
369152, -12336, 1692, 13848, 0, 0
369183, -10292, 132, 10360, 0, 0
369219, -8644, -5908, 8468, 0, 0
369251, -8824, -7868, 7240, 0, 0
369287, -9860, -5576, 5256, 0, 0
369319, -8876, -6116, 8872, 0, 0
369351, -8832, -5736, 12920, 0, 0
369383, -13268, -1860, 31084, 0, 0
369419, -10392, 7764, 32767, 0, 0
369452, -2144, 6412, 32767, 0, 0
369483, 1264, 5608, 20988, 0, 0
369519, 2492, 5532, 10244, 0, 0
369551, 3080, 4972, 7500, 0, 0
369583, 6340, 1204, 1176, 0, 0
369619, 4776, -776, 6784, 0, 0
369651, 1368, 2512, 8372, 0, 0
369683, -1160, 5164, 4852, 0, 0
369719, -3672, 6140, 5520, 0, 0
369752, -9784, 9056, 16172, 0, 0
369783, -13248, 7480, 18400, 0, 0
369819, -11588, 5036, 24468, 0, 0
369851, -12612, -1848, 25972, 0, 0
369883, -10728, 216, 18844, 0, 0
369920, -9144, -232, 10452, 0, 0
369954, -9180, -2452, 8304, 0, 0
369986, -9660, -1624, 8072, 0, 0
370019, -10088, -3168, 8004, 0, 0
370051, -9780, -5912, 10080, 0, 0
370083, -11912, -1680, 22284, 0, 0
370119, -11652, 11144, 32316, 0, 0
370151, -4896, 7280, 32767, 0, 0
370183, 184, 4276, 26444, 0, 0
370219, 332, 5616, 14828, 0, 0
370251, -820, 8492, 10300, 0, 0
370283, 1456, 4752, 7216, 0, 0
370319, 684, 1300, 9808, 0, 0
370351, -1320, 3280, 10244, 0, 0
370383, -1512, 5032, 7712, 0, 0
370419, -2832, 6516, 6632, 0, 0
370451, -3308, 1332, 19484, 0, 0
370525, -9876, 3908, 12944, 0, 0
370562, -11152, -16, 13756, 0, 0
370599, -11284, 3048, 15152, 0, 0
370631, -8208, 1652, 16428, 0, 0
370663, -3312, -2160, 9940, 0, 0
370699, -2200, -1188, 6812, 0, 0
370732, -1360, 876, 6392, 0, 0
370763, -176, -4664, 11440, 0, 0
370799, -4020, -3000, 7320, 0, 0
370831, -6872, 584, 10700, 0, 0
370863, -7128, 1592, 23660, 0, 0
370902, -7076, 2112, 32767, 0, 0
370939, -7000, 2024, 19952, 0, 0
370971, -8068, 4864, 17616, 0, 0
371003, -10668, 7440, 14276, 0, 0
371070, -5568, 3244, 6920, 0, 0
371102, -1744, 1184, 15832, 0, 0
371139, 1324, 380, 16916, 0, 0
371171, 624, 2456, 12608, 0, 0
371203, -896, 6588, 8048, 0, 0
371239, 344, 10240, 1484, 0, 0
371271, 3580, 6976, 15960, 0, 0
371303, 2896, 220, 32268, 0, 0
371339, -4292, 3488, 29752, 0, 0
371371, -9980, 8128, 20252, 0, 0
371403, -10188, 8220, 13140, 0, 0
371439, -6152, 1952, 11624, 0, 0
371471, -2976, -2932, 14820, 0, 0
371503, -1788, -4740, 11516, 0, 0
371539, -3628, -1472, 8620, 0, 0
371571, -4896, -12, 5496, 0, 0
371603, -5232, -16, 5940, 0, 0
371639, -7772, -244, 2740, 0, 0
371671, -12656, 2816, 14720, 0, 0
371703, -15408, 4932, 32767, 0, 0
371739, -9816, 11028, 32767, 0, 0
371771, -6616, 10372, 32624, 0, 0
371803, -4148, 10512, 25800, 0, 0
371840, -544, 6236, 16908, 0, 0
371871, 996, 2592, 14480, 0, 0
371903, 3112, -1012, 9744, 0, 0
371939, 1108, 5884, 5980, 0, 0
371971, -1928, 6240, 10708, 0, 0
372002, -1452, 2928, 9872, 0, 0
372039, -2276, 3700, 7108, 0, 0
372071, -2500, 5752, 12528, 0, 0
372103, -812, 4440, 19616, 0, 0
372140, -4200, 9532, 26744, 0, 0
372174, -7088, 9884, 23672, 0, 0
372206, -10980, 9040, 21492, 0, 0
372239, -8968, 2976, 22852, 0, 0
372271, -6080, -1500, 17600, 0, 0
372302, -6048, -1880, 8536, 0, 0
372339, -6804, -1564, 5024, 0, 0
372371, -7504, -700, -1272, 0, 0
372403, -8732, -8164, -184, 0, 0
372439, -11076, -11392, 7088, 0, 0
372474, -13824, -7036, 18540, 0, 0
372506, -14260, -1324, 31164, 0, 0
372539, -8632, 7856, 32767, 0, 0
372612, -1464, 12216, 23408, 0, 0
372648, -3620, 8084, 12164, 0, 0
372680, -1360, 7804, 11952, 0, 0
372719, 4520, 4184, 9476, 0, 0
372751, 2480, 2364, 9548, 0, 0
372784, 464, 6908, 8340, 0, 0
372819, -2224, 10944, 4896, 0, 0
372851, -2816, 4668, 10508, 0, 0
372883, -8520, 1580, 20236, 0, 0
372919, -10192, -1296, 19276, 0, 0
372952, -12584, -3848, 16972, 0, 0
372983, -14308, -3904, 8496, 0, 0
373019, -12520, -5656, 4420, 0, 0
373051, -8028, -8288, 4388, 0, 0
373084, -9860, -10276, 14196, 0, 0
373120, -10056, -2872, 16280, 0, 0
373151, -8192, -3252, 18436, 0, 0
373183, -14800, 4284, 27236, 0, 0
373219, -12400, 15372, 32767, 0, 0
373291, 628, 4208, 8568, 0, 0
373322, 2860, 8024, 9780, 0, 0
373359, 4156, 7388, 9696, 0, 0
373391, 4640, 172, 8628, 0, 0
373424, 600, 5272, 7552, 0, 0
373459, -4968, 9100, 7476, 0, 0
373491, -7008, 5412, 20380, 0, 0
373523, -11608, 964, 22476, 0, 0
373559, -9712, 860, 24892, 0, 0
373592, -9044, -2536, 17876, 0, 0
373623, -9204, -760, 7496, 0, 0
373659, -8168, -2420, 3100, 0, 0
373691, -6500, -7432, 8500, 0, 0
373724, -9472, -5800, 14640, 0, 0
373760, -11752, -4084, 10236, 0, 0
373791, -11112, -5084, 14408, 0, 0
373823, -13008, 1600, 27684, 0, 0
373859, -9848, 6472, 32767, 0, 0
373892, -3728, 3148, 32767, 0, 0
373923, -3208, 7760, 19972, 0, 0
373959, -1516, 9748, 11804, 0, 0
373991, 3132, 4924, 10464, 0, 0
374024, 4280, 340, 5788, 0, 0
374059, 2184, 1756, 9488, 0, 0
374091, -1424, 3692, 9384, 0, 0
374130, -5228, 3400, 10768, 0, 0
374162, -9012, 5332, 10908, 0, 0
374199, -10896, -168, 11668, 0, 0
374231, -11424, 80, 20664, 0, 0
374263, -11884, 532, 15040, 0, 0
374299, -12820, 940, 10668, 0, 0
374331, -11628, -740, 14588, 0, 0
374363, -9196, -2432, 11268, 0, 0
374467, -5700, -1312, 10076, 0, 0
374644, -12852, -2956, 21680, 0, 0
374820, -2336, -220, 8520, 0, 0
374981, -7284, -2124, 13376, 0, 0
375300, -6336, 2112, 7764, 0, 0
375558, -8484, -2064, 20968, 0, 0
375733, -5616, 1664, 10496, 0, 0
375907, -6944, -408, 15160, 0, 0
376118, -8372, 3044, 11700, 0, 0
376169, -9200, 2300, 14536, 0, 0
376201, -10036, 1400, 14660, 0, 0
376239, -9508, 1708, 13536, 0, 0
376270, -7984, 1244, 11084, 0, 0
376303, -7964, 144, 12076, 0, 0
376339, -8048, -48, 14280, 0, 0
376371, -8088, 276, 13204, 0, 0
376402, -8544, 468, 12360, 0, 0
376439, -9056, 348, 12740, 0, 0
376471, -9016, 288, 13540, 0, 0
376503, -9196, 736, 13244, 0, 0
376539, -8620, 124, 13144, 0, 0
376570, -8544, 96, 13060, 0, 0
376602, -8300, -444, 13100, 0, 0
376639, -8552, -748, 12640, 0, 0
376671, -9020, -160, 12852, 0, 0
376702, -9160, -272, 13652, 0, 0
376739, -8932, -588, 13660, 0, 0
376771, -8884, -680, 13032, 0, 0
376803, -8732, -680, 12920, 0, 0
376839, -8868, -628, 12264, 0, 0
376904, -9168, -1336, 13044, 0, 0
376939, -9452, -800, 12500, 0, 0
376971, -9612, -868, 12740, 0, 0
377003, -9492, -1048, 13056, 0, 0
377039, -9776, -988, 13072, 0, 0
377071, -9540, -936, 13544, 0, 0
377103, -9892, -648, 14156, 0, 0
377139, -9420, -472, 13120, 0, 0
377175, -9404, -424, 12880, 0, 0
377206, -9444, -620, 12808, 0, 0
377239, -9608, -280, 12004, 0, 0
377271, -9560, -312, 11880, 0, 0
377303, -9468, -660, 12084, 0, 0
377339, -9488, -656, 12152, 0, 0
377371, -9296, -700, 11936, 0, 0
377403, -9524, -1228, 11712, 0, 0
377439, -9696, -1212, 11560, 0, 0
377470, -9424, -1408, 11632, 0, 0
377502, -9492, -1284, 11604, 0, 0
377539, -9332, -1344, 12244, 0, 0
377571, -9064, -1272, 11584, 0, 0
377603, -9060, -1100, 11304, 0, 0
377639, -8952, -1084, 12192, 0, 0
377671, -8520, -1176, 12752, 0, 0
377703, -8552, -1116, 13000, 0, 0
377739, -8340, -1404, 13756, 0, 0
377771, -8328, -1232, 14260, 0, 0
377802, -8176, -1608, 14572, 0, 0
377839, -8052, -1432, 14200, 0, 0
377871, -8016, -1348, 14132, 0, 0
377903, -7732, -1344, 13976, 0, 0
377939, -7596, -1488, 13772, 0, 0
377971, -7584, -1220, 13012, 0, 0
378003, -7612, -1648, 13864, 0, 0
378039, -7244, -2136, 15112, 0, 0
378071, -7240, -1992, 14388, 0, 0
378102, -7680, -1192, 13852, 0, 0
378139, -7620, -2664, 15708, 0, 0
378171, -8588, -600, 12948, 0, 0
378203, -9336, 16, 11696, 0, 0
378272, -9012, -1208, 14620, 0, 0
378304, -9688, 84, 12532, 0, 0
378339, -10148, 912, 10712, 0, 0
378371, -10020, 796, 10424, 0, 0
378402, -9672, 396, 10224, 0, 0
378439, -9080, 540, 9480, 0, 0
378471, -7980, -824, 12608, 0, 0
378503, -7232, -2288, 14772, 0, 0
378540, -6584, -2896, 15824, 0, 0
378571, -6080, -2856, 16052, 0, 0
378603, -5704, -3632, 16124, 0, 0
378639, -5748, -3200, 14552, 0, 0
378671, -5484, -3436, 14772, 0, 0
378702, -5096, -3652, 15468, 0, 0
378739, -4864, -4332, 15528, 1, 0
378783, -5376, -3460, 14216, 1, 0
378819, -5180, -3600, 14860, 1, 0
378851, -5220, -3976, 14904, 1, 0
378883, -5320, -3608, 14392, 1, 0
378919, -5560, -3600, 14580, 1, 0
378951, -5900, -3548, 14184, 1, 0
378983, -5936, -3468, 14228, 1, 0
379019, -5940, -3116, 14276, 1, 0
379051, -5864, -3296, 14112, 1, 0
379122, -6104, -3304, 14876, 1, 0
