389946, 112, -4560, 14448, 0, 0
389986, -752, -4740, 10624, 0, 0
390019, -3660, -1716, 3692, 0, 0
390048, -4376, -1668, 12468, 0, 0
390079, -3860, -1564, 25600, 0, 0
390109, -5084, -1592, 30936, 0, 0
390139, -7312, 936, 19716, 0, 0
390169, -7972, 1248, 16456, 0, 0
390199, -6500, -1836, 18624, 0, 0
390228, -3640, -5384, 17468, 0, 0
390259, -1892, -4244, 11232, 0, 0
390289, -2664, -1492, 8308, 0, 0
390319, -3200, 2080, 8832, 0, 0
390348, -1072, 4772, 11904, 0, 0
390379, 1624, 2528, 25876, 0, 0
390409, 2864, 268, 32767, 0, 0
390439, -1156, -608, 28164, 0, 0
390468, -5848, 2000, 15716, 0, 0
390499, -7204, 2804, 11184, 0, 0
390529, -6536, -1576, 11588, 0, 0
390559, -6312, -4104, 13692, 0, 0
390589, -5988, -4668, 17500, 0, 0
390619, -4748, -1484, 13788, 0, 0
390648, -2756, 944, 11188, 0, 0
390679, 936, 4032, 10376, 0, 0
390709, 1388, 4008, 16576, 0, 0
390739, 328, 712, 20208, 0, 0
390768, -1900, -56, 13292, 0, 0
390799, -3620, -1028, 5300, 0, 0
390829, -5212, -1700, 6560, 0, 0
390859, -5324, -3580, 11340, 0, 0
390889, -3752, -4172, 13128, 0, 0
390919, -3864, -2672, 12932, 0, 0
390948, -3496, 1980, 13892, 0, 0
390979, -144, 9940, 19612, 0, 0
391009, 4120, 3124, 32767, 0, 0
391040, 380, 2660, 32767, 0, 0
391120, -5604, 624, 10240, 0, 0
391159, -5300, -2452, 10888, 0, 0
391189, -4796, -1992, 9708, 0, 0
391219, -2420, -2864, 13348, 0, 0
391248, 556, -3144, 18100, 0, 0
391279, 1044, 932, 21976, 0, 0
391309, -1216, 1000, 27888, 0, 0
391339, -4712, 248, 23628, 0, 0
391368, -6896, 96, 15644, 0, 0
391399, -8292, -680, 11992, 0, 0
391432, -6452, -1604, 11540, 0, 0
391461, -3944, -924, 10232, 0, 0
391499, -3860, 3132, 7792, 0, 0
391529, -2448, 8768, 10312, 0, 0
391559, 12, 9652, 14604, 0, 0
391588, 3136, 3564, 24532, 0, 0
391619, 1744, 1224, 24164, 0, 0
391649, -988, 1468, 18684, 0, 0
391680, -3316, -828, 18600, 0, 0
391708, -3896, -4372, 16956, 0, 0
391739, -3468, -5596, 10972, 0, 0
391769, -3464, -4288, 8880, 0, 0
391799, -4336, -5400, 14696, 0, 0
391829, -3708, -3892, 16708, 0, 0
391859, -2712, -236, 17168, 0, 0
391888, -2656, 2224, 25052, 0, 0
391919, -5488, 2296, 26400, 0, 0
391988, -4808, -688, 7524, 0, 0
392019, -2148, -1300, 8800, 0, 0
392048, -1972, -3312, 14348, 0, 0
392079, -2544, -1596, 10260, 0, 0
392109, -4792, 1024, 14312, 0, 0
392139, -1780, -2520, 26324, 0, 0
392169, 608, -4748, 30252, 0, 0
392199, 288, -3120, 25736, 0, 0
392228, -240, -3176, 23036, 0, 0
392259, 176, -4272, 23248, 0, 0
392289, -1560, -2544, 21036, 0, 0
392320, -1168, -464, 15332, 0, 0
392348, 600, 192, 13132, 0, 0
392379, 164, 1040, 14072, 0, 0
392409, -1264, 2644, 15140, 0, 0
392439, -476, 460, 15272, 0, 0
392469, 88, -2752, 16224, 0, 0
392499, -344, -4704, 20148, 0, 0
392528, -592, -2980, 21708, 0, 0
392559, -1788, -1444, 24448, 0, 0
392589, -3028, -488, 22036, 0, 0
392619, -2088, -84, 14544, 0, 0
392648, -2540, -1048, 8864, 0, 0
392679, -2132, -1336, 6196, 0, 0
392709, -2048, -3872, 10192, 0, 0
392739, -832, -4860, 9940, 0, 0
392769, -512, -3244, 8768, 0, 0
392799, -1148, -404, 13664, 0, 0
392828, -408, 2384, 12908, 0, 0
392859, 1736, 5316, 13412, 0, 0
392892, 1288, 8184, 17596, 0, 0
392922, 604, 11312, 19960, 0, 0
392960, 1320, 11544, 15400, 0, 0
392988, 2004, 11732, 14000, 0, 0
393019, 1440, 12852, 15940, 0, 0
393049, 2868, 13792, 14612, 0, 0
393079, 4496, 17680, 12608, 0, 0
393155, 8448, 18616, 13556, 0, 0
393184, 8748, 17744, 14148, 0, 0
393219, 6336, 15440, 14600, 0, 0
393248, 1900, 11428, 15612, 0, 0
393279, 2112, 12508, 15268, 0, 0
393309, 4688, 14936, 12100, 0, 0
393339, 3440, 14744, 10524, 0, 0
393369, 936, 15240, 10888, 0, 0
393399, 1168, 15744, 8584, 0, 0
393428, 1768, 16092, 6224, 0, 0
393459, 2340, 15784, 8176, 0, 0
393489, 3852, 14116, 8936, 0, 0
393519, 4500, 10624, 7460, 0, 0
393548, 2140, 7312, 7724, 0, 0
393579, -1928, 6216, 8096, 0, 0
393609, -3616, 4376, 8300, 0, 0
393639, -2624, 2568, 8844, 0, 0
393668, 2108, 7704, 8908, 0, 0
393699, 11592, 20028, 9372, 0, 0
393729, 17364, 25816, 11228, 0, 0
393759, 14332, 22888, 17308, 0, 0
393789, 9628, 20460, 20184, 0, 0
393819, 7488, 18272, 12748, 0, 0
393848, 5816, 14960, 4056, 0, 0
393879, 2008, 11448, 2404, 0, 0
393909, -1360, 8820, 2300, 0, 0
393973, 432, 7960, 1724, 0, 0
394003, 6168, 12644, 4428, 0, 0
394039, 11716, 12336, 10588, 0, 0
394068, 9492, 14564, 11204, 0, 0
394099, -684, 22036, 11592, 0, 0
394129, -6764, 19512, 6592, 0, 0
394159, -6932, 10784, 5644, 0, 0
394188, -4960, 5444, 5900, 0, 0
394219, 504, 7204, 5072, 0, 0
394249, 6488, 16992, 5728, 0, 0
394279, 12728, 25284, 10880, 0, 0
394308, 11332, 23844, 15864, 0, 0
394339, 7932, 19708, 19216, 0, 0
394372, 5584, 16532, 15292, 0, 0
394401, 3244, 14588, 9348, 0, 0
394439, -500, 10496, 5508, 0, 0
394469, -516, 7448, 4560, 0, 0
394499, 1604, 6580, 3400, 0, 0
394528, 3712, 11296, 4692, 0, 0
394559, 2296, 17760, 9016, 0, 0
394589, 5096, 21312, 11372, 0, 0
394619, 480, 20572, 13656, 0, 0
394649, -2152, 22300, 10364, 0, 0
394679, -2536, 16784, 6060, 0, 0
394708, -2996, 8996, 8156, 0, 0
394739, -3852, 6696, 6980, 0, 0
394769, -2080, 9608, 4928, 0, 0
394799, 3040, 16168, 4260, 0, 0
394828, 10456, 22844, 7892, 0, 0
394859, 14432, 24156, 13316, 0, 0
394889, 12116, 19956, 15000, 0, 0
394919, 8204, 15272, 15164, 0, 0
394948, 4564, 13028, 11468, 0, 0
394979, 360, 9676, 7548, 0, 0
395009, -2116, 6596, 6032, 0, 0
395039, -1440, 5800, 5236, 0, 0
395069, 1576, 8368, 6400, 0, 0
395137, 6424, 20156, 11232, 0, 0
395170, 788, 27000, 12040, 0, 0
395200, -3068, 21576, 14136, 0, 0
395239, -5460, 13012, 14496, 0, 0
395269, -4576, 7792, 11544, 0, 0
395299, -2000, 5880, 7332, 0, 0
395329, 976, 10516, 3416, 0, 0
395359, 5768, 16628, 3008, 0, 0
395388, 10592, 20500, 7976, 0, 0
395419, 9888, 20980, 12424, 0, 0
395449, 7860, 20332, 14428, 0, 0
395479, 5468, 16456, 14276, 0, 0
395508, 648, 12148, 11248, 0, 0
395539, -2776, 8824, 7572, 0, 0
395569, -3484, 7744, 6128, 0, 0
395599, -2336, 9304, 5632, 0, 0
395629, 2064, 11644, 5780, 0, 0
395659, 5644, 10696, 7760, 0, 0
395688, 3540, 10048, 10256, 0, 0
395719, -1308, 11808, 12840, 0, 0
395749, -6524, 15748, 17792, 0, 0
395779, -7784, 18556, 14832, 0, 0
395808, -7052, 17116, 11156, 0, 0
395842, -6280, 14716, 7964, 0, 0
395879, -6724, 11004, 12568, 0, 0
395909, -1368, 9096, 17892, 0, 0
395939, 1200, 12848, 17480, 0, 0
396008, 3768, 23024, 22020, 0, 0
396039, 5072, 23640, 23168, 0, 0
396068, 3004, 22012, 22772, 0, 0
396099, 2556, 19000, 20964, 0, 0
396129, 2316, 14380, 16112, 0, 0
396160, 2368, 11520, 12408, 0, 0
396188, 1528, 8632, 11476, 0, 0
396219, 488, 8448, 10928, 0, 0
396249, -28, 9832, 10064, 0, 0
396279, 4020, 10904, 7992, 0, 0
396309, 6128, 8896, 13216, 0, 0
396339, 7896, 9256, 16104, 0, 0
396368, 7180, 15172, 15564, 0, 0
396399, 6132, 17740, 15992, 0, 0
396429, 4800, 17604, 17992, 0, 0
396459, 4304, 16180, 17112, 0, 0
396488, 2620, 14860, 13324, 0, 0
396519, -372, 13544, 10508, 0, 0
396549, -1440, 11924, 8688, 0, 0
396579, -1868, 8960, 7128, 0, 0
396609, -2536, 6824, 8516, 0, 0
396639, -1164, 7280, 11580, 0, 0
396668, 5428, 12276, 12264, 0, 0
396699, 6388, 17348, 11880, 0, 0
396729, 6588, 17916, 13044, 0, 0
396759, 5216, 20580, 14948, 0, 0
396788, 6644, 17172, 13952, 0, 0
396819, 7144, 15300, 12844, 0, 0
396849, 5436, 14212, 11432, 0, 0
396879, 3456, 12852, 9648, 0, 0
396909, 1456, 11180, 7852, 0, 0
396939, -12, 8496, 5296, 0, 0
396968, -1024, 4392, 4972, 0, 0
396999, -1324, 4144, 6556, 0, 0
397029, -392, 7004, 5588, 0, 0
397059, 2832, 9308, 4208, 0, 0
397088, 3608, 14272, 5940, 0, 0
397157, -924, 21952, 10428, 0, 0
397194, -1856, 18904, 10320, 0, 0
397223, -1688, 11604, 9924, 0, 0
397259, -4364, 7388, 9064, 0, 0
397289, -6076, 8044, 7548, 0, 0
397322, -3628, 8080, 6124, 0, 0
397359, 1964, 16972, 7024, 0, 0
397388, 3992, 25708, 11992, 0, 0
397419, 2364, 24424, 16484, 0, 0
397449, 188, 17940, 18496, 0, 0
397479, 92, 12588, 16492, 0, 0
397509, -2496, 12396, 12292, 0, 0
397539, -5468, 11652, 7228, 0, 0
397569, -5448, 8976, 2652, 0, 0
397599, -4552, 7784, 2092, 0, 0
397629, -640, 10444, 4108, 0, 0
397659, 2064, 13520, 10544, 0, 0
397688, 1800, 17664, 13492, 0, 0
397719, -372, 21080, 11820, 0, 0
397749, -3372, 17212, 10256, 0, 0
397779, -4600, 11228, 7416, 0, 0
397809, -5692, 5568, 6320, 0, 0
397839, -4272, 3248, 4408, 0, 0
397869, -2096, 7136, 3732, 0, 0
397899, 1672, 15428, 6784, 0, 0
397929, 3500, 26824, 14400, 0, 0
397993, -448, 18820, 13612, 0, 0
398023, -228, 14244, 9712, 0, 0
398059, -3936, 9712, 5892, 0, 0
398089, -5268, 6760, 4052, 0, 0
398119, -3428, 8196, 4840, 0, 0
398149, 1060, 9952, 7972, 0, 0
398179, 4532, 10872, 13260, 0, 0
398209, 2152, 15608, 16516, 0, 0
398239, -4404, 20832, 15752, 0, 0
398269, -5564, 17876, 10188, 0, 0
398299, -4888, 9852, 5504, 0, 0
398328, -6152, 4696, 7020, 0, 0
398359, -7244, 5756, 8496, 0, 0
398389, -5772, 11324, 7520, 0, 0
398419, -472, 19268, 8680, 0, 0
398449, 3960, 24632, 12784, 0, 0
398479, 3024, 23148, 15420, 0, 0
398509, 2112, 19524, 15920, 0, 0
398539, 2216, 13368, 14148, 0, 0
398569, -956, 10600, 11820, 0, 0
398599, -5244, 11972, 6520, 0, 0
398628, -4616, 9828, 2356, 0, 0
398659, -2992, 8660, 3720, 0, 0
398689, -20, 9340, 4964, 0, 0
398720, 2808, 9896, 8016, 0, 0
398748, 3508, 13500, 9612, 0, 0
398782, -2472, 21124, 14308, 0, 0
398819, -6480, 20040, 14120, 0, 0
398849, -5236, 13572, 10332, 0, 0
398879, -5740, 9868, 7328, 0, 0
398909, -6748, 7780, 6920, 0, 0
398939, -5764, 6640, 6288, 0, 0
398968, -3772, 8892, 4732, 0, 0
398999, -1432, 14456, 6436, 0, 0
399029, -828, 16324, 12568, 0, 0
399059, -1752, 16296, 16444, 0, 0
399125, -220, 15248, 17180, 0, 0
399159, -2640, 13716, 17552, 0, 0
399188, -3716, 11060, 15220, 0, 0
399221, -4692, 9316, 11344, 0, 0
399259, -5360, 11688, 11192, 0, 0
399289, -2404, 12980, 11444, 0, 0
399319, -500, 13112, 12532, 0, 0
399348, 1068, 13816, 14092, 0, 0
399379, 648, 15504, 15884, 0, 0
399409, -408, 16656, 17900, 0, 0
399439, -640, 18252, 18800, 0, 0
399469, -1856, 19116, 18388, 0, 0
399499, -3176, 16712, 17572, 0, 0
399528, -3224, 12332, 16532, 0, 0
399559, -2164, 8488, 13744, 0, 0
399589, -2364, 6952, 11500, 0, 0
399619, -2392, 6912, 12460, 0, 0
399648, -920, 6380, 12924, 0, 0
399679, 2056, 8364, 12492, 0, 0
399709, 2448, 11224, 11800, 0, 0
399739, 3444, 13392, 11784, 0, 0
399769, 3652, 17260, 16472, 0, 0
399799, 3400, 16488, 18948, 0, 0
399828, 3088, 13864, 18128, 0, 0
399859, 3480, 13408, 13968, 0, 0
399889, 5252, 12692, 11136, 0, 0
399919, 4692, 13176, 11332, 0, 0
399948, 2368, 12244, 9232, 0, 0
400017, 372, 13032, 7512, 0, 0
400047, 2876, 12980, 8268, 0, 0
400079, 5264, 9360, 11988, 0, 0
400109, 5556, 12152, 11820, 0, 0
400139, 3620, 16160, 11008, 0, 0
400168, 1964, 16152, 11888, 0, 0
400199, 1312, 15196, 12440, 0, 0
400229, 1876, 12928, 11004, 0, 0
400262, 1160, 11824, 9096, 0, 0
400300, -64, 7548, 10640, 0, 0
400328, -1284, 4388, 10716, 0, 0
400359, -2232, 3468, 10212, 0, 0
400389, -3484, 3952, 10852, 0, 0
400419, -2232, 5464, 10248, 0, 0
400449, 2768, 9420, 8960, 0, 0
400479, 5568, 18284, 11564, 0, 0
400508, 5420, 21092, 16196, 0, 0
400539, 7124, 18272, 19780, 0, 0
400569, 7568, 16716, 18232, 0, 0
400599, 4996, 14336, 13252, 0, 0
400628, 96, 12416, 10892, 0, 0
400659, -2684, 10168, 8256, 0, 0
400689, -2824, 9168, 5032, 0, 0
400719, -1836, 9876, 4796, 0, 0
400749, 1552, 10316, 7768, 0, 0
400779, 1372, 11220, 9588, 0, 0
400808, 2572, 13848, 7904, 0, 0
400839, 912, 16616, 9296, 0, 0
400869, -244, 14416, 12788, 0, 0
400899, -1216, 10360, 12004, 0, 0
400928, -2852, 9064, 8832, 0, 0
400959, -4344, 10408, 7004, 0, 0
400989, -6448, 11820, 8964, 0, 0
401019, -4192, 10584, 12140, 0, 0
401049, 392, 14920, 14268, 0, 0
401079, 3528, 22988, 15292, 0, 0
401108, 5064, 22472, 15968, 0, 0
401180, 4852, 15676, 12784, 0, 0
401219, -1052, 12324, 11640, 0, 0
401252, -3456, 8056, 7780, 0, 0
401282, -3904, 6212, 5360, 0, 0
401319, -512, 7480, 6148, 0, 0
401349, 2048, 9524, 7184, 0, 0
401379, 2440, 11252, 11100, 0, 0
401409, -24, 15864, 12348, 0, 0
401439, -4628, 20096, 15488, 0, 0
401469, -5352, 17328, 13724, 0, 0
401499, -6240, 11676, 8768, 0, 0
401528, -6188, 5896, 6292, 0, 0
401559, -4916, 5400, 4304, 0, 0
401589, -2460, 8444, 3368, 0, 0
401619, -552, 15264, 7964, 0, 0
401648, 1744, 19744, 14052, 0, 0
401679, 1944, 21080, 15308, 0, 0
401709, -56, 19740, 17544, 0, 0
401751, -2804, 11984, 15540, 0, 0
401783, -4244, 7064, 9392, 0, 0
401819, -3148, 4984, 3688, 0, 0
401851, -332, 7444, 2184, 0, 0
401883, 2480, 10944, 7484, 0, 0
401920, 2016, 15656, 14416, 0, 0
401951, -1824, 20736, 19348, 0, 0
401983, -2208, 18600, 16408, 0, 0
402051, -6260, 6908, 7508, 0, 0
402082, -4988, 6188, 4188, 0, 0
402119, -1068, 10244, 2604, 0, 0
402151, 2088, 17640, 11424, 0, 0
402183, 2960, 21424, 16844, 0, 0
402220, 2472, 19684, 19804, 0, 0
402251, 2320, 15820, 17224, 0, 0
402283, -1140, 11980, 13112, 0, 0
402319, -4068, 7000, 10248, 0, 0
402351, -6208, 5740, 8784, 0, 0
402383, -6536, 6392, 8612, 0, 0
402419, -3228, 7588, 8772, 0, 0
402451, -1252, 9544, 13836, 0, 0
402483, 380, 9988, 13900, 0, 0
402519, -1232, 11576, 15216, 0, 0
402551, -4676, 16220, 16356, 0, 0
402583, -6696, 18640, 15208, 0, 0
402619, -5904, 14076, 11696, 0, 0
402651, -3948, 9452, 10396, 0, 0
402683, -2224, 5416, 14536, 0, 0
402719, 252, 7628, 14944, 0, 0
402751, 1636, 14588, 14440, 0, 0
402783, 5176, 14180, 21560, 0, 0
402819, 4856, 17868, 23540, 0, 0
402851, 5460, 20284, 21284, 0, 0
402883, 4604, 19504, 21180, 0, 0
402919, 3372, 15884, 19128, 0, 0
402951, 1396, 14660, 14228, 0, 0
402983, -88, 13872, 10008, 0, 0
403019, -1232, 12036, 7560, 0, 0
403051, -1520, 12752, 8912, 0, 0
403083, 1616, 13388, 9556, 0, 0
403119, 4688, 12060, 8344, 0, 0
403151, 5340, 13452, 9640, 0, 0
403183, 4276, 16304, 12576, 0, 0
403251, 1584, 14048, 11800, 0, 0
403287, 724, 11728, 11816, 0, 0
403319, -1284, 11448, 10608, 0, 0
403354, -612, 7576, 10444, 0, 0
403387, 152, 4212, 11392, 0, 0
403422, 1212, 4888, 10952, 0, 0
403459, 4168, 11804, 9952, 0, 0
403491, 5368, 18140, 11120, 0, 0
403523, 4324, 18320, 14300, 0, 0
403559, 4484, 17424, 15316, 0, 0
403591, 5464, 17224, 13228, 0, 0
403623, 5708, 13628, 11568, 0, 0
403659, 4280, 9724, 13356, 0, 0
403691, 2220, 8552, 12504, 0, 0
403723, -184, 7120, 9700, 0, 0
403759, -2096, 6840, 9336, 0, 0
403791, -3128, 10524, 8620, 0, 0
403823, -1428, 10720, 8864, 0, 0
403859, -540, 13780, 8860, 0, 0
403891, 1184, 18340, 8272, 0, 0
403923, -2396, 18368, 10176, 0, 0
403959, -3712, 12640, 9808, 0, 0
403991, -3528, 6144, 8428, 0, 0
404023, -2868, 4480, 6748, 0, 0
404059, -1944, 7116, 4164, 0, 0
404091, 728, 13084, 3492, 0, 0
404123, 1816, 24980, 6676, 0, 0
404159, 516, 24264, 13864, 0, 0
404191, -1336, 18840, 19848, 0, 0
404262, -2540, 7196, 5708, 0, 0
404299, -1820, 5780, 2748, 0, 0
404331, 1372, 6884, 2548, 0, 0
404363, 3168, 8576, 6664, 0, 0
404399, -1748, 17420, 11824, 0, 0
404431, -4056, 20032, 9120, 0, 0
404463, -3844, 14468, 5868, 0, 0
404499, -6764, 10736, 5584, 0, 0
404531, -10488, 12680, 9024, 0, 0
404563, -5592, 13020, 7064, 0, 0
404599, -812, 21712, 11852, 0, 0
404631, -940, 29116, 17672, 0, 0
404663, -5084, 25996, 17948, 0, 0
404699, -2228, 16520, 15660, 0, 0
404731, -2324, 9628, 11240, 0, 0
404763, -4760, 6956, 8368, 0, 0
404799, -3596, 7032, 7084, 0, 0
404831, 316, 10036, 7112, 0, 0
404864, 1612, 12668, 8052, 0, 0
404899, -312, 16604, 9588, 0, 0
404931, -4932, 18316, 13752, 0, 0
404967, -6468, 13464, 10972, 0, 0
404999, -5620, 8440, 5460, 0, 0
405031, -4176, 6372, 2300, 0, 0
405063, -2432, 10072, 680, 0, 0
405099, -1268, 18912, 6928, 0, 0
405131, 1228, 20860, 12620, 0, 0
405164, -1156, 19720, 17924, 0, 0
405199, -3564, 13996, 17360, 0, 0
405231, -4968, 9748, 12264, 0, 0
405263, -6116, 6184, 5844, 0, 0
405299, -5652, 4940, 2356, 0, 0
405331, -4224, 6620, 3380, 0, 0
405363, -2424, 7920, 9280, 0, 0
405399, -352, 12864, 11776, 0, 0
405471, -5864, 14180, 16504, 0, 0
405506, -7504, 11784, 11120, 0, 0
405539, -8376, 8752, 8052, 0, 0
405571, -6824, 5616, 7912, 0, 0
405603, -4844, 7984, 5268, 0, 0
405639, -4864, 17916, 8996, 0, 0
405671, -3612, 16104, 15504, 0, 0
405703, -3284, 13440, 16900, 0, 0
405739, -1940, 12400, 14472, 0, 0
405771, -3168, 12584, 15896, 0, 0
405804, -6840, 10528, 16680, 0, 0
405839, -7740, 9148, 12336, 0, 0
405871, -6692, 9520, 10204, 0, 0
405903, -5584, 9588, 10092, 0, 0
405939, -4500, 12284, 8716, 0, 0
405971, -1748, 13224, 9272, 0, 0
406003, -2372, 13484, 18368, 0, 0
406039, -5936, 19004, 26684, 0, 0
406071, -6504, 21192, 18260, 0, 0
406104, -5860, 17664, 13420, 0, 0
406139, -4932, 10660, 17860, 0, 0
406171, -3932, 6608, 16384, 0, 0
406203, -3464, 7456, 11272, 0, 0
406239, -2200, 5452, 13408, 0, 0
406272, -280, 2460, 16852, 0, 0
406303, 244, 6532, 13504, 0, 0
406339, -416, 10360, 13304, 0, 0
406371, -1284, 12964, 20204, 0, 0
406438, 1944, 11864, 20792, 0, 0
406470, 2796, 12632, 17452, 0, 0
406502, 2616, 13680, 13616, 0, 0
406539, 2752, 13184, 8824, 0, 0
406572, 2760, 14408, 7160, 0, 0
406600, 1900, 14192, 6656, 0, 0
406639, 2280, 13020, 7832, 0, 0
406671, 1608, 11624, 9948, 0, 0
406703, 3228, 7928, 9696, 0, 0
406739, 4704, 11600, 6476, 0, 0
406771, 3148, 16804, 7604, 0, 0
406803, -1292, 18644, 11748, 0, 0
406839, -1900, 15084, 10892, 0, 0
406872, -1296, 12164, 9276, 0, 0
406903, -2908, 12856, 10840, 0, 0
406939, -5304, 12620, 10296, 0, 0
406971, -5240, 9192, 7512, 0, 0
407003, -4832, 5332, 6616, 0, 0
407040, -4844, 3056, 5996, 0, 0
407071, -2952, 5452, 7004, 0, 0
407103, -24, 10948, 7944, 0, 0
407139, 3572, 21128, 11744, 0, 0
407171, 2796, 23356, 15704, 0, 0
407203, 3388, 18504, 16052, 0, 0
407239, 3012, 14152, 15816, 0, 0
407271, -588, 12244, 12088, 0, 0
407303, -3332, 10624, 7588, 0, 0
407340, -4768, 9312, 4372, 0, 0
407371, -3060, 9304, 5228, 0, 0
407403, -1004, 10496, 10620, 0, 0
407439, 1356, 13756, 12500, 0, 0
407471, -288, 16332, 13288, 0, 0
407503, -2256, 16964, 15056, 0, 0
407539, -4452, 15136, 11196, 0, 0
407571, -5072, 12792, 7760, 0, 0
407639, -6016, 7424, 8664, 0, 0
407673, -2432, 10732, 7776, 0, 0
407706, 964, 20760, 9736, 0, 0
407739, 1704, 22516, 10456, 0, 0
407771, 1200, 18224, 12296, 0, 0
407803, 1444, 13380, 11916, 0, 0
407848, -2132, 10068, 10196, 0, 0
407880, -6572, 9052, 10488, 0, 0
407919, -6768, 8472, 6252, 0, 0
407951, -2164, 11180, 5788, 0, 0
407984, 348, 11972, 11320, 0, 0
408019, -296, 14460, 12872, 0, 0
408051, -4308, 16984, 12628, 0, 0
408083, -5944, 12564, 12272, 0, 0
408119, -5764, 5296, 8324, 0, 0
408152, -4520, 3796, 4628, 0, 0
408186, -3436, 9264, 5288, 0, 0
408219, -196, 16824, 10736, 0, 0
408251, 1844, 18924, 15548, 0, 0
408283, -3312, 20224, 21204, 0, 0
408320, -5868, 15160, 17944, 0, 0
408351, -6180, 8368, 10460, 0, 0
408383, -3972, 4240, 4272, 0, 0
408419, -1484, 7688, 2348, 0, 0
408451, -584, 9184, 10568, 0, 0
408483, -2848, 13572, 13804, 0, 0
408519, -6548, 19032, 14924, 0, 0
408551, -6984, 16524, 12900, 0, 0
408583, -6820, 9564, 9760, 0, 0
408654, -2928, 8840, 3712, 0, 0
408687, -1096, 16160, 4816, 0, 0
408719, 2188, 18716, 10720, 0, 0
408751, -600, 18584, 15644, 0, 0
408783, -3116, 17264, 16720, 0, 0
408819, -3928, 12892, 11712, 0, 0
408851, -5476, 8384, 8624, 0, 0
408883, -6408, 6748, 6576, 0, 0
408919, -5272, 7448, 3436, 0, 0
408951, -3096, 10204, 5636, 0, 0
408983, -1908, 14804, 14276, 0, 0
409019, -6712, 21720, 20416, 0, 0
409051, -8428, 22912, 17876, 0, 0
409083, -9164, 21116, 14540, 0, 0
409119, -7152, 16380, 8716, 0, 0
409151, -6628, 10976, 4120, 0, 0
409183, -7168, 6836, 7584, 0, 0
409219, -5172, 5220, 13724, 0, 0
409251, -4292, 10764, 12464, 0, 0
409283, -3256, 16972, 13272, 0, 0
409319, -2424, 21032, 19004, 0, 0
409351, -1380, 22184, 22140, 0, 0
409383, -1776, 18604, 18948, 0, 0
409419, -1868, 16556, 14352, 0, 0
409451, -1200, 12332, 12000, 0, 0
409483, -1208, 12188, 10340, 0, 0
409519, -3812, 14976, 11132, 0, 0
409551, -3972, 15648, 11236, 0, 0
409583, -1356, 15808, 8928, 0, 0
409619, 2004, 14740, 6780, 0, 0
409651, 4708, 14596, 5340, 0, 0
409683, 4208, 17124, 6772, 0, 0
409719, 308, 20580, 8552, 0, 0
409751, -792, 18760, 10512, 0, 0
409824, -2048, 15440, 6640, 0, 0
409859, -3820, 12156, 6516, 0, 0
409891, -3584, 7912, 7408, 0, 0
409923, -3220, 7056, 8080, 0, 0
409959, -4864, 8908, 7076, 0, 0
409991, -1244, 10404, 6800, 0, 0
410023, 456, 14384, 7812, 0, 0
410059, 1580, 15680, 9592, 0, 0
410091, 2368, 17852, 11600, 0, 0
410123, 2300, 19568, 13532, 0, 0
410159, 2504, 16484, 11832, 0, 0
410191, 3548, 13900, 10116, 0, 0
410223, 3028, 12268, 9620, 0, 0
410259, -928, 12728, 8828, 0, 0
410291, -3524, 12080, 6252, 0, 0
410323, -5004, 11204, 5044, 0, 0
410359, -4876, 9900, 5468, 0, 0
410391, -1544, 10768, 5592, 0, 0
410423, 1464, 10372, 7852, 0, 0
410459, 1620, 13116, 8016, 0, 0
410491, 192, 19824, 7304, 0, 0
410523, -3140, 20408, 8800, 0, 0
410559, -2128, 12508, 8916, 0, 0
410591, -3280, 8120, 8444, 0, 0
410624, -5908, 8892, 6920, 0, 0
410659, -5736, 7780, 8128, 0, 0
410691, -1832, 7748, 7312, 0, 0
410723, -420, 18012, 9364, 0, 0
410759, 2144, 26300, 11412, 0, 0
410826, -916, 17052, 13764, 0, 0
410859, -2012, 11992, 8928, 0, 0
410891, -4608, 10104, 5644, 0, 0
410924, -5788, 10408, 4456, 0, 0
410959, -1096, 9464, 4532, 0, 0
410991, -20, 10840, 9116, 0, 0
411023, -120, 15560, 9448, 0, 0
411059, -2888, 19560, 10360, 0, 0
411091, -5308, 18224, 9872, 0, 0
411123, -5428, 11144, 7264, 0, 0
411159, -5812, 6596, 4904, 0, 0
411191, -5728, 5904, 3844, 0, 0
411224, -4628, 9236, 4256, 0, 0
411259, 428, 18020, 7716, 0, 0
411291, 1372, 27120, 14096, 0, 0
411323, -2152, 23888, 15212, 0, 0
411359, -1332, 16992, 14048, 0, 0
411395, -2260, 11868, 9968, 0, 0
411426, -4820, 6876, 6684, 0, 0
411459, -5716, 4660, 3840, 0, 0
411491, -4276, 6784, 2604, 0, 0
411524, -136, 10068, 4896, 0, 0
411559, 3640, 14764, 11268, 0, 0
411591, -2300, 22164, 16196, 0, 0
411623, -5320, 20520, 16848, 0, 0
411659, -3604, 14748, 10208, 0, 0
411692, -4520, 8136, 6552, 0, 0
411723, -5944, 5300, 5688, 0, 0
411759, -5940, 8232, 3864, 0, 0
411791, -3064, 12452, 5056, 0, 0
411823, 900, 22444, 11292, 0, 0
411859, -3064, 29260, 15232, 0, 0
411891, -2152, 23288, 14792, 0, 0
411923, 116, 16404, 12432, 0, 0
411995, -5968, 10060, 5380, 0, 0
412027, -6164, 7424, 4040, 0, 0
412059, -4360, 6892, 4388, 0, 0
412099, 856, 9896, 8508, 0, 0
412131, 3928, 13132, 13168, 0, 0
412164, 476, 20820, 16264, 0, 0
412199, -6648, 23244, 16900, 0, 0
412231, -3352, 15308, 10720, 0, 0
412266, -3712, 8132, 4932, 0, 0
412299, -4720, 5608, 1980, 0, 0
412332, -5420, 4724, 2244, 0, 0
412363, -5364, 5836, 2488, 0, 0
412399, -1296, 10128, 3852, 0, 0
412431, 3804, 17324, 8024, 0, 0
412463, -2464, 25308, 12324, 0, 0
412499, -4480, 23964, 13516, 0, 0
412531, -248, 18080, 13088, 0, 0
412563, -1036, 14996, 10604, 0, 0
412599, -3848, 12092, 8208, 0, 0
412632, -4656, 9560, 5996, 0, 0
412663, -5684, 8636, 5200, 0, 0
412699, -5468, 11136, 5084, 0, 0
412731, -2476, 15252, 6736, 0, 0
412763, 3532, 18624, 11668, 0, 0
412800, -836, 25200, 19112, 0, 0
412831, -5608, 24396, 20564, 0, 0
412863, -3836, 19968, 16712, 0, 0
412899, -1296, 17300, 9748, 0, 0
412931, -2988, 14680, 5756, 0, 0
412963, -4188, 11420, 6996, 0, 0
413051, -1704, 5196, 10580, 0, 0
413084, -692, 6432, 11668, 0, 0
413119, 716, 10652, 15068, 0, 0
413151, -228, 17696, 20388, 0, 0
413184, -3296, 20212, 21388, 0, 0
413219, 1456, 15664, 17744, 0, 0
413251, 2760, 15696, 15260, 0, 0
413283, 668, 16568, 13380, 0, 0
413319, 836, 14380, 12480, 0, 0
413351, 1808, 11888, 10720, 0, 0
413383, 2856, 10272, 8612, 0, 0
413419, 4968, 11012, 8248, 0, 0
413451, 5352, 11512, 9684, 0, 0
413484, 5580, 12568, 12136, 0, 0
413519, 5788, 13172, 12312, 0, 0
413551, 5744, 14064, 11688, 0, 0
413583, 4060, 15308, 10776, 0, 0
413619, 1996, 16908, 8712, 0, 0
413651, -56, 14612, 7608, 0, 0
413683, -2320, 11316, 10020, 0, 0
413719, -1864, 16584, 7180, 0, 0
413751, 1224, 20172, 6440, 0, 0
413784, 2352, 18156, 7012, 0, 0
413819, 756, 15840, 7320, 0, 0
413851, 380, 15356, 5948, 0, 0
413883, 440, 14280, 4620, 0, 0
413919, 192, 13512, 3892, 0, 0
413952, -464, 12388, 4280, 0, 0
413983, -860, 10764, 5172, 0, 0
414019, -2888, 12008, 8764, 0, 0
414051, -3744, 13964, 7880, 0, 0
414084, -2940, 11256, 7872, 0, 0
414119, -2760, 9292, 9580, 0, 0
414151, -4120, 11100, 11304, 0, 0
414225, 868, 15928, 14324, 0, 0
414259, 4332, 22804, 13980, 0, 0
414291, 1800, 24976, 13888, 0, 0
414323, 3196, 17804, 12056, 0, 0
414359, 4440, 15260, 8504, 0, 0
414391, 2764, 13040, 4488, 0, 0
414424, 1436, 9012, 4896, 0, 0
414459, 1148, 7040, 6052, 0, 0
414494, 12, 8740, 3608, 0, 0
414527, -892, 9260, 1920, 0, 0
414559, -184, 11024, 3736, 0, 0
414592, -1920, 13552, 4968, 0, 0
414636, -612, 15352, 7936, 0, 0
414668, 3588, 16576, 7528, 0, 0
414700, 1956, 18088, 15156, 0, 0
414739, -4776, 18652, 17820, 0, 0
414771, -5256, 17920, 10216, 0, 0
414803, -4060, 15548, 2784, 0, 0
414839, -4188, 12104, 1492, 0, 0
414871, -5820, 11276, 3672, 0, 0
414903, -4844, 10592, 5888, 0, 0
414939, -2560, 11140, 7040, 0, 0
414971, 188, 12964, 9648, 0, 0
415003, 2884, 18780, 12120, 0, 0
415039, 1008, 26980, 14668, 0, 0
415071, -2044, 24544, 12512, 0, 0
415104, 360, 16556, 10908, 0, 0
415139, 276, 9808, 7984, 0, 0
415171, -2304, 8648, 6028, 0, 0
415238, -2180, 11492, 1632, 0, 0
415270, -392, 14400, 3556, 0, 0
415302, 788, 16952, 9060, 0, 0
415339, 2056, 16940, 13200, 0, 0
415371, 4776, 16332, 14956, 0, 0
415404, 1796, 16784, 17716, 0, 0
415439, -4728, 17784, 16856, 0, 0
415471, -4568, 16548, 8208, 0, 0
415503, -3052, 13456, 928, 0, 0
415539, -3760, 11096, -1388, 0, 0
415571, -4056, 9772, 1304, 0, 0
415603, -3556, 9108, 3820, 0, 0
415639, -1784, 11580, 6304, 0, 0
415671, 748, 16336, 7872, 0, 0
415704, 1664, 19240, 10632, 0, 0
415739, 1720, 21060, 13380, 0, 0
415771, 1320, 23872, 12776, 0, 0
415803, 2364, 19916, 10472, 0, 0
415839, 140, 13556, 9172, 0, 0
415872, -360, 10140, 6176, 0, 0
415903, -200, 9044, 3840, 0, 0
415939, -60, 9304, 3300, 0, 0
415971, -572, 11920, 4752, 0, 0
416004, -916, 14388, 6624, 0, 0
416039, -1748, 16216, 10456, 0, 0
416071, -88, 15152, 11860, 0, 0
416103, 2024, 14396, 12064, 0, 0
416139, 1432, 16248, 12760, 0, 0
416172, -2896, 19244, 13544, 0, 0
416203, -3976, 19732, 8764, 0, 0
416239, -3136, 15616, 3748, 0, 0
416271, -3036, 10644, 3440, 0, 0
416342, -3908, 6684, 6764, 0, 0
416379, -3736, 8744, 7836, 0, 0
416411, -1968, 11248, 8788, 0, 0
416443, -552, 14720, 10404, 0, 0
416479, -116, 22536, 12496, 0, 0
416512, -1436, 24172, 13660, 0, 0
416543, 988, 19852, 14452, 0, 0
416579, 1500, 15032, 13188, 0, 0
416611, 196, 10004, 10432, 0, 0
416644, 264, 7356, 8740, 0, 0
416679, -396, 9176, 5988, 0, 0
416714, -1172, 10136, 5240, 0, 0
416747, -1812, 11260, 7092, 0, 0
416779, -1344, 13312, 10176, 0, 0
416812, 1120, 14640, 13072, 0, 0
416843, 764, 14884, 15548, 0, 0
416879, 236, 15952, 15116, 0, 0
416911, -1524, 17264, 12836, 0, 0
416944, -1320, 16048, 10780, 0, 0
416979, -2704, 14800, 8632, 0, 0
417011, -3276, 13148, 6376, 0, 0
417043, -2932, 10876, 6276, 0, 0
417079, -2912, 8532, 7684, 0, 0
417112, -2812, 8716, 9056, 0, 0
417143, -3800, 10172, 10552, 0, 0
417179, -2244, 10996, 13192, 0, 0
417211, 464, 13716, 16744, 0, 0
417244, 600, 20412, 19136, 0, 0
417280, -1268, 26364, 19180, 0, 0
417311, 480, 20632, 18244, 0, 0
417343, 2000, 15240, 16492, 0, 0
417379, 1276, 12080, 13224, 0, 0
417451, 2400, 7460, 10872, 0, 0
417482, 2548, 7968, 10568, 0, 0
417519, 2920, 12080, 11772, 0, 0
417551, 2288, 13788, 14112, 0, 0
417584, 2020, 14220, 13844, 0, 0
417619, 1872, 15892, 11580, 0, 0
417651, 1216, 12152, 11548, 0, 0
417683, 1912, 12444, 12572, 0, 0
417719, 1956, 15628, 12180, 0, 0
417752, 208, 18224, 10624, 0, 0
417783, -924, 17752, 9348, 0, 0
417819, -1592, 14644, 8248, 0, 0
417855, -1172, 11336, 8544, 0, 0
417887, -436, 10436, 8608, 0, 0
417920, -304, 9316, 9396, 0, 0
417951, -504, 8912, 10240, 0, 0
417983, -980, 10132, 10340, 0, 0
418019, -544, 10644, 10112, 0, 0
418052, 320, 11592, 11008, 0, 0
418083, 2076, 13252, 12460, 0, 0
418119, 2028, 14564, 15448, 0, 0
418151, 1364, 13040, 16040, 0, 0
418183, 4056, 13632, 13792, 0, 0
418219, 5368, 16696, 12032, 0, 0
418251, 3656, 16788, 11272, 0, 0
418283, 2324, 13796, 12852, 0, 0
418319, 2572, 11048, 11520, 0, 0
418352, 2020, 10716, 8876, 0, 0
418383, 2456, 10136, 7640, 0, 0
418419, 2648, 10684, 7268, 0, 0
418451, 2640, 11780, 7676, 0, 0
418483, 1824, 12836, 8480, 0, 0
418555, 496, 13748, 5528, 0, 0
418588, 492, 13744, 7740, 0, 0
418620, 1768, 12408, 10536, 0, 0
418659, 1300, 11272, 11992, 0, 0
418692, 3992, 15460, 11556, 0, 0
418723, -888, 17160, 12560, 0, 0
418759, -2064, 14008, 8660, 0, 0
418791, -1164, 12620, 3916, 0, 0
418824, -848, 9956, 3424, 0, 0
418860, -1848, 9076, 5236, 0, 0
418891, -2980, 9920, 7696, 0, 0
418927, -4128, 11300, 9872, 0, 0
418959, -2932, 10920, 10784, 0, 0
418991, 608, 13576, 10704, 0, 0
419023, 2472, 21768, 11668, 0, 0
419059, -112, 26096, 13448, 0, 0
419091, -680, 18288, 14368, 0, 0
419123, 1996, 12460, 11924, 0, 0
419159, 3104, 12164, 7328, 0, 0
419191, 648, 12784, 6568, 0, 0
419223, -1404, 13488, 8020, 0, 0
419259, -2652, 14676, 7228, 0, 0
419291, -2964, 14652, 6172, 0, 0
419323, -528, 13552, 7572, 0, 0
419359, 1872, 12456, 10200, 0, 0
419391, 1756, 13044, 11664, 0, 0
419423, 616, 16060, 13144, 0, 0
419459, -2444, 16996, 13680, 0, 0
419491, -1524, 15896, 9520, 0, 0
419523, -1512, 14308, 5276, 0, 0
419559, -2880, 11268, 3964, 0, 0
419627, -3424, 11564, 6736, 0, 0
419659, -2308, 11920, 8192, 0, 0
419691, -2728, 13608, 11388, 0, 0
419723, -1004, 17132, 12056, 0, 0
419759, -740, 20116, 11564, 0, 0
419791, 188, 17588, 10064, 0, 0
419823, 2868, 13372, 9648, 0, 0
419859, 1952, 12008, 9040, 0, 0
419891, 572, 10008, 8184, 0, 0
419923, -704, 10156, 8616, 0, 0
419959, -848, 11732, 5196, 0, 0
419991, -1648, 13700, 4828, 0, 0
420023, -1592, 13748, 8528, 0, 0
420059, 508, 13332, 10500, 0, 0
420091, 1248, 13192, 10772, 0, 0
420123, 588, 14904, 11356, 0, 0
420159, -1176, 17104, 11876, 0, 0
420191, -4036, 18048, 11684, 0, 0
420224, -4164, 15236, 9716, 0, 0
420259, -3700, 11432, 8420, 0, 0
420291, -3876, 9688, 7948, 0, 0
420323, -3372, 10508, 8632, 0, 0
420359, -1208, 11660, 8876, 0, 0
420391, 864, 15492, 10176, 0, 0
420423, -144, 21644, 12216, 0, 0
420459, -1628, 22948, 12676, 0, 0
420491, 1112, 17868, 12672, 0, 0
420524, 1728, 13332, 11200, 0, 0
420559, -488, 10284, 9640, 0, 0
420591, -1452, 9360, 7116, 0, 0
420623, -2224, 9532, 6404, 0, 0
420659, -2312, 10528, 6188, 0, 0
420729, 2868, 14560, 8468, 0, 0
420761, -228, 15372, 10652, 0, 0
420799, -472, 16892, 11392, 0, 0
420831, -2308, 17180, 13756, 0, 0
420864, -3640, 14528, 12796, 0, 0
420899, -3580, 12068, 9480, 0, 0
420931, -4176, 10052, 8576, 0, 0
420963, -5184, 9072, 9424, 0, 0
420999, -3004, 7612, 9444, 0, 0
421031, -908, 8744, 9980, 0, 0
421066, -8, 17596, 11776, 0, 0
421099, -4272, 23056, 15932, 0, 0
421135, -4696, 16792, 17124, 0, 0
421167, -988, 10472, 14020, 0, 0
421199, 1832, 8848, 9644, 0, 0
421231, 336, 8716, 9764, 0, 0
421263, -1392, 9276, 9140, 0, 0
421299, -1944, 12380, 8220, 0, 0
421331, -2684, 15312, 9508, 0, 0
421363, -232, 16492, 11500, 0, 0
421399, 1504, 16216, 14820, 0, 0
421431, -872, 16088, 15088, 0, 0
421464, 512, 18228, 9932, 0, 0
421499, 1924, 21080, 7804, 0, 0
421531, -1048, 18116, 11784, 0, 0
421563, -2588, 12688, 14372, 0, 0
421599, -1420, 11076, 11108, 0, 0
421632, -1032, 11204, 6584, 0, 0
421663, -2844, 11152, 7196, 0, 0
421699, -3304, 11088, 7884, 0, 0
421731, -2704, 10648, 10940, 0, 0
421764, -656, 10816, 14360, 0, 0
421834, 4, 13196, 17932, 0, 0
421866, 1612, 12680, 18196, 0, 0
421899, 2448, 14488, 16428, 0, 0
421932, 1772, 13444, 14420, 0, 0
421963, 2912, 10584, 12672, 0, 0
421999, 3868, 9136, 9936, 0, 0
422031, 3492, 10068, 9480, 0, 0
422064, 3392, 11152, 10944, 0, 0
422099, 4796, 10828, 12748, 0, 0
422131, 3644, 12100, 15372, 0, 0
422163, 1872, 15364, 15756, 0, 0
422199, 1216, 17776, 13424, 0, 0
422232, 1132, 18624, 10392, 0, 0
422263, -1004, 13976, 11472, 0, 0
422299, 1508, 10536, 9832, 0, 0
422331, 3540, 11140, 8496, 0, 0
422364, 2820, 11600, 9036, 0, 0
422400, -44, 10752, 7964, 0, 0
422431, -1384, 13132, 6732, 0, 0
422463, -1396, 12664, 6364, 0, 0
422499, -564, 8812, 7896, 0, 0
422532, -8, 9640, 8824, 0, 0
422563, 184, 9552, 9752, 0, 0
422599, -896, 8824, 10460, 0, 0
422631, -1784, 9404, 10832, 0, 0
422667, -2044, 11436, 10848, 0, 0
422699, -2088, 12292, 9304, 0, 0
422731, -212, 13636, 11256, 0, 0
422763, -216, 15624, 12640, 0, 0
422799, -88, 18012, 13324, 0, 0
422832, -1688, 17028, 13368, 0, 0
422863, -1140, 10968, 13704, 0, 0
422937, -764, 11704, 9912, 0, 0
422969, -2600, 12352, 11872, 0, 0
423001, -4332, 14488, 12980, 0, 0
423040, -5272, 13388, 9748, 0, 0
423071, -4152, 13504, 5444, 0, 0
423103, -1396, 10832, 9912, 0, 0
423139, 96, 12752, 14656, 0, 0
423172, -408, 15408, 9796, 0, 0
423203, -3640, 16404, 5256, 0, 0
423239, -2828, 14732, 6860, 0, 0
423271, -808, 12320, 9112, 0, 0
423304, -840, 11204, 9016, 0, 0
423339, -1584, 10876, 9704, 0, 0
423371, -1724, 10152, 9372, 0, 0
423403, -2184, 9444, 11448, 0, 0
423439, -3740, 12232, 11136, 0, 0
423472, -1904, 14432, 12844, 0, 0
423503, -2124, 18604, 13644, 0, 0
423539, 380, 17368, 11360, 0, 0
423571, 1624, 15516, 9800, 0, 0
423604, -328, 12560, 8856, 0, 0
423639, -1344, 11460, 8952, 0, 0
423671, -2680, 13112, 8588, 0, 0
423703, -5976, 12464, 8696, 0, 0
423739, -6800, 10896, 8332, 0, 0
423772, -3084, 11688, 7040, 0, 0
423803, 1484, 11820, 11800, 0, 0
423839, 956, 11776, 14144, 0, 0
423871, 476, 17716, 9612, 0, 0
423904, -1280, 16904, 10872, 0, 0
423939, -2672, 13996, 9924, 0, 0
424006, -2836, 8900, 8472, 0, 0
424039, -4448, 10932, 9252, 0, 0
424071, -2896, 11348, 9032, 0, 0
424103, -684, 15032, 8676, 0, 0
424139, -880, 18636, 10484, 0, 0
424171, -24, 16476, 11900, 0, 0
424204, 640, 14632, 12292, 0, 0
424239, -1884, 15376, 10308, 0, 0
424271, -3164, 12936, 10736, 0, 0
424301, -5484, 12624, 10508, 0, 0
424339, -7536, 11640, 7748, 0, 0
424371, -6012, 10324, 6972, 0, 0
424403, -2064, 11068, 7888, 0, 0
424439, 2264, 10600, 11528, 0, 0
424471, -784, 12224, 13612, 0, 0
424503, -2668, 16464, 10320, 0, 0
424539, -3716, 18296, 11200, 0, 0
424571, -3920, 14032, 11204, 0, 0
424603, -4064, 8304, 10444, 0, 0
424639, -3520, 4968, 8552, 0, 0
424671, -1780, 5048, 5476, 0, 0
424704, 960, 8944, 3596, 0, 0
424739, 5524, 15580, 7180, 0, 0
424771, 4820, 20312, 16296, 0, 0
424803, 3516, 20844, 18828, 0, 0
424839, -624, 20548, 12940, 0, 0
424871, -3132, 16068, 9484, 0, 0
424903, -4800, 11588, 8692, 0, 0
424939, -4220, 10116, 4972, 0, 0
424971, -1048, 10244, 5036, 0, 0
425004, 1024, 11748, 6420, 0, 0
425039, 3232, 16160, 6200, 0, 0
425106, -8, 19076, 9472, 0, 0
425141, -2092, 16364, 9896, 0, 0
425179, -2608, 12424, 6528, 0, 0
425211, -4064, 10764, 5244, 0, 0
425243, -5832, 10880, 6764, 0, 0
425279, -6932, 11652, 10440, 0, 0
425311, -3356, 14140, 11488, 0, 0
425344, -948, 19664, 20344, 0, 0
425379, -1336, 32404, 29512, 0, 0
425411, -5124, 31124, 29232, 0, 0
425443, 84, 24452, 29400, 0, 0
425479, 4620, 19488, 21700, 0, 0
425511, 3332, 16488, 18940, 0, 0
425556, 6908, 11584, 18724, 0, 0
425588, 6856, 12912, 12952, 0, 0
425620, 6576, 14660, 9412, 0, 0
425659, 8796, 12796, 10852, 0, 0
425692, 11408, 13708, 8052, 0, 0
425723, 12236, 13340, 8088, 0, 0
425759, 12516, 10500, 5364, 0, 0
425791, 12180, 10496, 3584, 0, 0
425824, 10300, 11892, 4684, 0, 0
425859, 7608, 13168, 5180, 0, 0
425894, 4976, 15428, 6088, 0, 0
425927, 3044, 18148, 7768, 0, 0
425959, -444, 21396, 7164, 0, 0
425991, -2804, 20900, 6744, 0, 0
426023, -3416, 18900, 8300, 0, 0
426059, -5040, 18004, 9436, 0, 0
426091, -6124, 18460, 7104, 0, 0
426123, -5640, 17092, 8424, 0, 0
426159, -3632, 16656, 10648, 0, 0
426230, -1128, 16416, 16624, 0, 0
426263, 1924, 17420, 18264, 0, 0
426299, 3768, 21948, 15776, 0, 0
426331, 2420, 21644, 11556, 0, 0
426363, 4092, 18868, 16468, 0, 0
426399, 5700, 16660, 22340, 0, 0
426431, 7424, 17116, 16764, 0, 0
426463, 9032, 16840, 13896, 0, 0
426499, 10968, 15560, 13180, 0, 0
426531, 12364, 13908, 9540, 0, 0
426563, 12396, 12008, 6296, 0, 0
426599, 12568, 8876, 3520, 0, 0
426631, 10620, 5836, 1088, 0, 0
426663, 7576, 5196, 204, 0, 0
426699, 7040, 5232, 1004, 0, 0
426731, 7412, 7528, 3140, 0, 0
426763, 6724, 11160, 2060, 0, 0
426799, 8576, 17788, 516, 0, 0
426831, 4560, 21908, 10704, 0, 0
426863, 1896, 21864, 11232, 0, 0
426899, -744, 21016, 11980, 0, 0
426931, -3728, 16000, 18868, 0, 0
426963, -10184, 18196, 12040, 0, 0
426999, -10548, 16712, 6456, 0, 0
427031, -6744, 14976, 4344, 0, 0
427063, -5268, 19660, 9816, 0, 0
427099, -5600, 31980, 12240, 0, 0
427131, -3020, 32767, 14592, 0, 0
427163, 2704, 28104, 17372, 0, 0
427199, 7668, 17784, 20740, 0, 0
427231, 6768, 15640, 14816, 0, 0
427264, 4152, 15412, 8720, 0, 0
427336, 9456, 12132, 3564, 0, 0
427369, 10272, 9636, 3140, 0, 0
427401, 11652, 7672, 2104, 0, 0
427439, 11316, 8012, 2248, 0, 0
427471, 9028, 9192, 3388, 0, 0
427503, 6536, 9728, 3012, 0, 0
427548, 4684, 8536, 7776, 0, 0
427581, 2252, 11976, 7440, 0, 0
427619, 6344, 14744, 448, 0, 0
427652, 9196, 20420, 8436, 0, 0
427683, 4280, 26728, 14468, 0, 0
427719, -5352, 32767, 13228, 0, 0
427751, -7808, 32767, 10964, 0, 0
427787, -8580, 28036, 13468, 0, 0
427819, -11056, 23020, 11840, 0, 0
427851, -11028, 20916, 5820, 0, 0
427883, -4912, 16796, 3380, 0, 0
427919, -464, 15408, 8628, 0, 0
427952, 1376, 18216, 11616, 0, 0
427983, 4064, 21200, 10484, 0, 0
428019, 2492, 22256, 10128, 0, 0
428051, 3832, 17868, 8228, 0, 0
428084, 4312, 13600, 5420, 0, 0
428119, 3028, 9760, 1648, 0, 0
428151, 1828, 7304, 2020, 0, 0
428183, 3300, 6220, 2648, 0, 0
428219, 6628, 5476, 1064, 0, 0
428251, 11148, 9564, 656, 0, 0
428283, 10612, 15408, 5372, 0, 0
428319, 9268, 17932, 7976, 0, 0
428351, 9700, 16048, 7676, 0, 0
428418, -2704, 21172, 7924, 0, 0
428450, -5520, 18752, 3864, 0, 0
428482, -3204, 15756, 5588, 0, 0
428519, -280, 18988, 9760, 0, 0
428551, 208, 25044, 5908, 0, 0
428583, 604, 26448, 10396, 0, 0
428619, -4948, 27828, 10544, 0, 0
428651, -6432, 22704, 4896, 0, 0
428684, -5460, 17376, 1144, 0, 0
428719, -4980, 13648, 304, 0, 0
428751, -6244, 12968, 3768, 0, 0
428783, -3512, 12836, 2472, 0, 0
428819, 2316, 19984, 5348, 0, 0
428851, 1308, 29348, 4704, 0, 0
428883, 2388, 27412, 16516, 0, 0
428919, 4240, 21948, 21064, 0, 0
428951, 5116, 18732, 14040, 0, 0
428983, 2320, 15252, 7784, 0, 0
429019, 1528, 12052, 3948, 0, 0
429051, 2544, 11280, 2676, 0, 0
429083, 6432, 13908, 3676, 0, 0
429119, 12268, 13856, 7844, 0, 0
429151, 9432, 16612, 9116, 0, 0
429184, 2956, 24872, 7660, 0, 0
429219, 3476, 20436, 4448, 0, 0
429251, 1472, 18024, 5996, 0, 0
429283, -1160, 18036, 6112, 0, 0
429319, -2508, 13540, 6484, 0, 0
429351, -4260, 12920, 4872, 0, 0
429383, -5548, 15392, 3920, 0, 0
429450, -2768, 17160, 9104, 0, 0
429486, -1208, 18324, 13388, 0, 0
429519, 820, 16644, 15992, 0, 0
429551, 4188, 21204, 15456, 0, 0
429583, 4352, 23352, 15500, 0, 0
429619, 2076, 20020, 16488, 0, 0
429651, 1620, 18216, 12444, 0, 0
429683, 2672, 15596, 9968, 0, 0
429719, 4920, 13408, 11444, 0, 0
429751, 5876, 12684, 12036, 0, 0
429784, 6092, 14808, 12428, 0, 0
429819, 7824, 17248, 12508, 0, 0
429851, 8356, 18368, 11524, 0, 0
429883, 8512, 19336, 8268, 0, 0
429919, 7796, 15756, 6376, 0, 0
429952, 5320, 15536, 8348, 0, 0
429987, 7348, 17892, 4916, 0, 0
430019, 8224, 15940, 3160, 0, 0
430051, 5752, 12616, 3680, 0, 0
430084, 3908, 11448, 1724, 0, 0
430119, 3764, 11992, 364, 0, 0
430151, 3244, 12976, 276, 0, 0
430183, 2876, 13296, 2704, 0, 0
430219, 1856, 11332, 6168, 0, 0
430252, -168, 12716, 6816, 0, 0
430283, -1304, 13532, 2728, 0, 0
430319, -2700, 10900, 7744, 0, 0
430351, -6380, 11252, 8600, 0, 0
430384, -7912, 12648, 7012, 0, 0
430419, -4736, 12172, 8324, 0, 0
430451, -3444, 19644, 7856, 0, 0
430483, -2468, 28508, 8752, 0, 0
430519, 2972, 27936, 15776, 0, 0
430552, 5068, 24916, 17736, 0, 0
430623, 4020, 16588, 14420, 0, 0
430659, 1528, 12260, 11720, 0, 0
430691, -1084, 13192, 8876, 0, 0
430724, -2544, 13728, 7632, 0, 0
430759, -1020, 8808, 8080, 0, 0
430791, -436, 8880, 8056, 0, 0
430823, -312, 8036, 8236, 0, 0
430859, 0, 6684, 8224, 0, 0
430892, -4196, 10512, 12816, 0, 0
430923, -5996, 9520, 16012, 0, 0
430959, -6104, 7500, 9604, 0, 0
430991, -7548, 5728, 9540, 0, 0
431024, -5460, 2616, 11372, 0, 0
431059, -3876, 1400, 10496, 0, 0
431091, -4084, 3140, 10948, 0, 0
431123, -1240, 4216, 18580, 0, 0
431159, -2956, 2984, 17560, 0, 0
431192, -3776, 3544, 15036, 0, 0
431223, -5076, 5492, 18576, 0, 0
431259, -3420, 2744, 18416, 0, 0
431291, -3724, 1956, 13980, 0, 0
431324, -6004, 3716, 11388, 0, 0
431360, -5460, 3496, 12452, 0, 0
431391, -3532, 3956, 9296, 0, 0
431423, -1056, 584, 10484, 0, 0
431459, -588, -2896, 14940, 0, 0
431492, -2472, 2984, 19440, 0, 0
431523, -3656, 3680, 22848, 0, 0
431559, -2964, 1680, 18876, 0, 0
431591, -2856, 132, 14036, 0, 0
431624, -3608, -132, 16884, 0, 0
431695, -2428, 2204, 9992, 0, 0
431728, -408, 5748, 17016, 0, 0
431760, 2540, 4856, 27528, 0, 0
431799, 2696, 3888, 24908, 0, 0
431832, 80, 5540, 21936, 0, 0
431863, -768, 2852, 19068, 0, 0
431899, -1188, -136, 15672, 0, 0
431931, -2020, 516, 12204, 0, 0
431964, -1900, 3572, 10888, 0, 0
432000, -1460, 3188, 13300, 0, 0
432031, -2120, 692, 16536, 0, 0
432063, -4888, 6012, 19152, 0, 0
432099, -7828, 10552, 21504, 0, 0
432132, -3732, 3648, 18020, 0, 0
432163, -924, -444, 11752, 0, 0
432199, -2332, 1512, 8856, 0, 0
432231, -3604, 4316, 10264, 0, 0
432264, -3988, 7088, 14000, 0, 0
432300, -4720, 4948, 19164, 1, 0
432334, -4136, 3912, 20208, 1, 0
432367, -4204, 6812, 18980, 1, 0
432399, -4480, 3808, 20004, 1, 0
432432, -3480, 2000, 14332, 1, 0
432463, -3476, 1304, 9720, 1, 0
432499, -4556, 1836, 8336, 1, 0
432531, -5364, 1168, 12732, 1, 0
432564, -6500, -396, 17264, 1, 0
432599, -5936, 3988, 19668, 1, 0
432631, -7632, 3828, 25408, 1, 0
432663, -6024, 2636, 17632, 1, 0
432699, -5736, 1700, 10336, 1, 0
432732, -5716, 1920, 10892, 1, 0
