53017, -11352, -376, 10148, 0, 0
53057, -11208, -232, 10008, 0, 0
53086, -11292, -280, 10008, 0, 0
53120, -11280, -216, 10084, 0, 0
53147, -11356, -112, 10024, 0, 0
53179, -11396, 4, 10304, 0, 0
53208, -11188, -180, 10100, 0, 0
53239, -11220, -268, 10196, 0, 0
53267, -11160, -212, 10392, 0, 0
53299, -11012, -360, 10304, 0, 0
53327, -11012, -364, 10140, 0, 0
53359, -11084, -336, 10440, 0, 0
53388, -10940, -356, 10604, 0, 0
53419, -10880, -56, 10240, 0, 0
53447, -11072, -116, 10616, 0, 0
53479, -11064, -60, 10528, 0, 0
53508, -11104, -68, 10804, 0, 0
53539, -11068, 4, 10720, 0, 0
53567, -10880, -204, 10604, 0, 0
53599, -10856, -128, 10780, 0, 0
53627, -10788, -64, 10616, 0, 0
53659, -10844, -100, 10888, 0, 0
53688, -10868, -44, 10756, 0, 0
53719, -11072, -92, 10976, 0, 0
53747, -11088, -60, 10644, 0, 0
53779, -11016, 32, 10324, 0, 0
53808, -10884, -104, 10272, 0, 0
53839, -10848, -324, 10336, 0, 0
53867, -10960, -236, 10208, 0, 0
53934, -11152, -316, 10776, 0, 0
53962, -11088, -12, 10308, 0, 0
53999, -11132, -92, 10500, 0, 0
54028, -11056, -64, 10152, 0, 0
54059, -11196, -420, 10548, 0, 0
54087, -11164, -76, 10208, 0, 0
54119, -11052, -176, 10388, 0, 0
54148, -11084, -136, 10340, 0, 0
54179, -11128, -132, 10260, 0, 0
54207, -11020, -280, 10528, 0, 0
54239, -11084, -224, 10368, 0, 0
54267, -10956, -404, 10472, 0, 0
54299, -10916, -24, 10268, 0, 0
54328, -10964, -268, 10512, 0, 0
54360, -10920, -224, 10612, 0, 0
54400, -11012, 128, 10424, 0, 0
54427, -10956, -204, 10680, 0, 0
54459, -10704, 208, 10700, 0, 0
54491, -10908, 124, 10728, 0, 0
54519, -10924, -216, 10956, 0, 0
54559, -10888, -116, 10680, 0, 0
54588, -10800, -116, 10768, 0, 0
54619, -10912, 4, 10644, 0, 0
54647, -10920, -236, 10792, 0, 0
54679, -10908, -124, 10648, 0, 0
54708, -10948, -132, 10516, 0, 0
54739, -10988, -116, 10636, 0, 0
54767, -10972, -264, 10452, 0, 0
54799, -10928, -224, 10492, 0, 0
54828, -11012, -116, 10616, 0, 0
54859, -11020, -152, 10592, 0, 0
54925, -11072, -180, 10412, 0, 0
54959, -11056, -212, 10180, 0, 0
54987, -10984, -268, 10596, 0, 0
55019, -11012, -180, 10464, 0, 0
55048, -11076, -340, 10528, 0, 0
55079, -11056, -256, 10588, 0, 0
55107, -10972, -204, 10340, 0, 0
55139, -10936, -296, 10448, 0, 0
55168, -10980, -244, 10412, 0, 0
55199, -10924, -284, 10484, 0, 0
55227, -10972, -64, 10452, 0, 0
55259, -10880, -188, 10676, 0, 0
55287, -10816, -248, 10728, 0, 0
55319, -10948, -76, 10476, 0, 0
55348, -10872, -164, 10684, 0, 0
55379, -10944, -208, 10616, 0, 0
55407, -11012, -148, 10700, 0, 0
55439, -10860, -128, 10680, 0, 0
55468, -10996, -160, 10792, 0, 0
55499, -11204, -128, 10516, 0, 0
55527, -11012, -136, 10412, 0, 0
55559, -10920, -152, 10412, 0, 0
55587, -10844, -300, 10740, 0, 0
55619, -10908, -152, 10592, 0, 0
55648, -11120, -192, 10532, 0, 0
55680, -11016, -292, 10484, 0, 0
55707, -11108, -120, 10132, 0, 0
55739, -11140, -304, 10360, 0, 0
55768, -11044, -280, 10320, 0, 0
55799, -11080, -448, 10260, 0, 0
55827, -10988, -216, 10348, 0, 0
55859, -11036, -252, 10424, 0, 0
55924, -11084, -280, 10472, 0, 0
55959, -11004, -240, 10616, 0, 0
55991, -10876, -236, 10448, 0, 0
56019, -10908, -264, 10580, 0, 0
56059, -10956, -356, 10680, 0, 0
56087, -10944, -244, 10492, 0, 0
56119, -11096, -148, 10664, 0, 0
56147, -10832, -204, 10700, 0, 0
56179, -10948, -132, 10520, 0, 0
56208, -10976, -56, 10540, 0, 0
56239, -11004, -168, 10636, 0, 0
56267, -10988, -76, 10504, 0, 0
56299, -11060, -56, 10636, 0, 0
56328, -11020, -200, 10772, 0, 0
56359, -10880, -88, 10376, 0, 0
56391, -10912, -164, 10488, 0, 0
56419, -10884, -300, 10500, 0, 0
56459, -11044, -260, 10528, 0, 0
56487, -11048, -200, 10540, 0, 0
56519, -11076, -256, 10532, 0, 0
56548, -11152, -328, 10644, 0, 0
56579, -11092, -132, 10316, 0, 0
56607, -11016, -192, 10356, 0, 0
56639, -11156, -244, 10184, 0, 0
56668, -11128, -268, 10408, 0, 0
56699, -11172, -176, 10292, 0, 0
56727, -11032, -220, 10408, 0, 0
56759, -10952, -220, 10412, 0, 0
56787, -10996, -112, 10420, 0, 0
56819, -11208, -144, 10548, 0, 0
56847, -11216, -356, 10464, 0, 0
56914, -11032, -436, 10084, 0, 0
56943, -10924, -492, 9996, 0, 0
56979, -10824, -548, 9972, 0, 0
57008, -10512, -260, 10340, 0, 0
57039, -11116, -68, 11860, 0, 0
57067, -11596, 124, 11372, 0, 0
57099, -11932, -452, 10688, 0, 0
57127, -11892, -460, 9716, 0, 0
57159, -11656, -228, 9096, 0, 0
57188, -11200, -420, 8432, 0, 0
57219, -11016, -812, 8292, 0, 0
57247, -11028, -964, 8616, 0, 0
57279, -11056, -988, 9712, 0, 0
57308, -11256, -872, 10932, 0, 0
57339, -11564, -756, 11356, 0, 0
57367, -11944, -484, 11600, 0, 0
57399, -11852, -224, 10892, 0, 0
57431, -11524, -172, 9968, 0, 0
57459, -11176, -172, 9180, 0, 0
57499, -10912, -96, 8876, 0, 0
57528, -11124, -212, 9320, 0, 0
57559, -11164, -608, 9952, 0, 0
57587, -11080, -832, 10404, 0, 0
57619, -11020, -808, 10836, 0, 0
57648, -11232, -760, 10892, 0, 0
57679, -11304, -352, 10688, 0, 0
57707, -11480, -332, 10184, 0, 0
57739, -11252, -236, 9828, 0, 0
57767, -11336, -188, 9596, 0, 0
57799, -11260, -388, 9684, 0, 0
57828, -11116, -420, 9952, 0, 0
57891, -11800, -492, 10140, 0, 0
57923, -11636, -712, 10200, 0, 0
57959, -11212, -420, 9868, 0, 0
57988, -11132, -156, 9988, 0, 0
58019, -11428, -248, 9836, 0, 0
58047, -11568, -432, 9884, 0, 0
58079, -11564, -568, 10144, 0, 0
58107, -11152, -624, 10020, 0, 0
58139, -11164, -744, 9852, 0, 0
58168, -11044, -848, 9840, 0, 0
58199, -10992, -764, 9980, 0, 0
58227, -11388, -700, 10168, 0, 0
58259, -11600, -328, 10344, 0, 0
58288, -11560, -252, 10260, 0, 0
58319, -11484, -244, 10116, 0, 0
58347, -11548, -348, 9868, 0, 0
58379, -11296, -296, 9860, 0, 0
58421, -11208, -396, 9844, 0, 0
58459, -11292, -600, 10056, 0, 0
58487, -11396, -532, 10108, 0, 0
58519, -11284, -472, 10148, 0, 0
58548, -11336, -576, 10152, 0, 0
58579, -11336, -352, 9844, 0, 0
58607, -11308, -384, 10056, 0, 0
58639, -11368, -500, 10084, 0, 0
58668, -11324, -456, 10088, 0, 0
58699, -11416, -632, 10324, 0, 0
58727, -11396, -584, 10036, 0, 0
58759, -11220, -700, 10100, 0, 0
58787, -11404, -440, 9932, 0, 0
58819, -11228, -612, 9988, 0, 0
58848, -11468, -540, 9896, 0, 0
58916, -11324, -552, 10124, 0, 0
58948, -11260, -584, 10256, 0, 0
58979, -11424, -492, 10044, 0, 0
59008, -11248, -484, 9964, 0, 0
59039, -11476, -456, 10208, 0, 0
59067, -11408, -472, 9952, 0, 0
59099, -11276, -516, 10060, 0, 0
59127, -11340, -532, 10040, 0, 0
59159, -11324, -540, 9832, 0, 0
59188, -11316, -468, 10136, 0, 0
59219, -11356, -644, 9980, 0, 0
59247, -11324, -556, 10024, 0, 0
59279, -11292, -660, 10140, 0, 0
59308, -11360, -484, 10208, 0, 0
59339, -11340, -472, 10228, 0, 0
59367, -11368, -484, 9956, 0, 0
59399, -11412, -404, 10056, 0, 0
59427, -11556, -424, 10100, 0, 0
59459, -11324, -304, 10072, 0, 0
59488, -11232, -472, 10056, 0, 0
59520, -11180, -524, 9984, 0, 0
59547, -11136, -644, 10044, 0, 0
59579, -11292, -568, 10188, 0, 0
59608, -11156, -688, 10248, 0, 0
59639, -11196, -708, 10152, 0, 0
59667, -11196, -584, 10008, 0, 0
59699, -11208, -384, 10104, 0, 0
59727, -11236, -472, 10088, 0, 0
59759, -11260, -504, 10168, 0, 0
59788, -11272, -500, 10184, 0, 0
59819, -11268, -512, 10288, 0, 0
59885, -11164, -500, 10148, 0, 0
59919, -11304, -556, 10160, 0, 0
59948, -11192, -720, 10228, 0, 0
59979, -11152, -624, 10268, 0, 0
60007, -11308, -476, 10088, 0, 0
60039, -11144, -616, 10084, 0, 0
60067, -11192, -464, 10260, 0, 0
60099, -11296, -608, 10284, 0, 0
60128, -11300, -668, 10316, 0, 0
60160, -11252, -572, 10268, 0, 0
60187, -11236, -532, 10216, 0, 0
60219, -11152, -656, 10192, 0, 0
60248, -11232, -680, 10188, 0, 0
60279, -11220, -536, 10260, 0, 0
60307, -11268, -616, 10224, 0, 0
60339, -11120, -732, 10212, 0, 0
60370, -11280, -684, 10348, 0, 0
60399, -11352, -652, 10068, 0, 0
60439, -11316, -524, 10080, 0, 0
60468, -11188, -588, 10252, 0, 0
60499, -11168, -708, 10076, 0, 0
60527, -11272, -640, 10136, 0, 0
60559, -11240, -680, 10232, 0, 0
60588, -11184, -708, 10164, 0, 0
60619, -11268, -648, 10404, 0, 0
60647, -11236, -632, 10212, 0, 0
60679, -11324, -568, 10032, 0, 0
60707, -11356, -700, 10192, 0, 0
60739, -11256, -588, 10232, 0, 0
60768, -11248, -624, 10208, 0, 0
60800, -11340, -560, 10256, 0, 0
60866, -11244, -740, 10236, 0, 0
60899, -11216, -796, 10012, 0, 0
60928, -11140, -724, 10072, 0, 0
60959, -11132, -756, 10236, 0, 0
60987, -11276, -728, 10076, 0, 0
61019, -11168, -704, 10192, 0, 0
61047, -11224, -544, 10264, 0, 0
61079, -11372, -504, 10232, 0, 0
61108, -11320, -452, 10008, 0, 0
61139, -11268, -588, 10124, 0, 0
61167, -11228, -812, 10200, 0, 0
61199, -11344, -488, 9952, 0, 0
61228, -11228, -720, 10224, 0, 0
61259, -11196, -696, 10092, 0, 0
61287, -11384, -608, 10020, 0, 0
61319, -11228, -668, 10204, 0, 0
61347, -11196, -708, 10036, 0, 0
61379, -11224, -700, 10104, 0, 0
61408, -11164, -636, 9912, 0, 0
61440, -11208, -712, 10240, 0, 0
61467, -11368, -620, 10088, 0, 0
61499, -11304, -724, 10080, 0, 0
61528, -11228, -640, 10164, 0, 0
61559, -11308, -596, 10224, 0, 0
61587, -11264, -712, 9944, 0, 0
61619, -11340, -748, 10092, 0, 0
61647, -11364, -672, 10124, 0, 0
61679, -11332, -672, 10108, 0, 0
61708, -11384, -600, 10096, 0, 0
61739, -11292, -640, 10188, 0, 0
61767, -11340, -676, 9996, 0, 0
61799, -11176, -688, 10104, 0, 0
61871, -11260, -724, 10020, 0, 0
61899, -11300, -704, 10060, 0, 0
61939, -11304, -684, 10240, 0, 0
61968, -11388, -464, 10028, 0, 0
61999, -11252, -620, 10324, 0, 0
62027, -11424, -572, 9980, 0, 0
62059, -11444, -660, 9992, 0, 0
62088, -11220, -768, 10120, 0, 0
62119, -11224, -672, 9968, 0, 0
62147, -11288, -668, 10080, 0, 0
62179, -11324, -640, 10080, 0, 0
62208, -11224, -692, 10376, 0, 0
62239, -11528, -564, 10200, 0, 0
62268, -11392, -656, 9940, 0, 0
62299, -11220, -644, 10120, 0, 0
62327, -11216, -708, 10104, 0, 0
62359, -11316, -720, 10076, 0, 0
62388, -11348, -704, 10088, 0, 0
62419, -11264, -676, 10244, 0, 0
62451, -11352, -696, 9964, 0, 0
62479, -11196, -676, 10036, 0, 0
62519, -11320, -640, 9976, 0, 0
62547, -11284, -628, 10164, 0, 0
62579, -11232, -600, 10140, 0, 0
62608, -11344, -708, 10192, 0, 0
62639, -11284, -568, 10224, 0, 0
62667, -11268, -636, 9988, 0, 0
62699, -11276, -668, 10048, 0, 0
62728, -11292, -676, 9884, 0, 0
62759, -11236, -716, 10032, 0, 0
62787, -11272, -748, 10004, 0, 0
62853, -11368, -620, 10104, 0, 0
62881, -11400, -636, 10096, 0, 0
62919, -11272, -488, 10044, 0, 0
62948, -11296, -616, 10120, 0, 0
62979, -11392, -608, 10152, 0, 0
63007, -11328, -636, 10040, 0, 0
63039, -11284, -648, 9968, 0, 0
63068, -11336, -724, 10068, 0, 0
63099, -11316, -628, 9900, 0, 0
63127, -11360, -688, 9900, 0, 0
63159, -11324, -500, 10148, 0, 0
63187, -11316, -540, 10080, 0, 0
63219, -11360, -624, 9912, 0, 0
63248, -11440, -512, 9940, 0, 0
63279, -11360, -800, 10188, 0, 0
63311, -11248, -640, 10104, 0, 0
63339, -11360, -504, 10072, 0, 0
63379, -11444, -652, 10044, 0, 0
63408, -11200, -600, 9844, 0, 0
63439, -11208, -640, 10092, 0, 0
63467, -11332, -632, 10132, 0, 0
63499, -11292, -700, 10188, 0, 0
63527, -11304, -684, 10192, 0, 0
63559, -11380, -692, 9980, 0, 0
63588, -11260, -592, 9944, 0, 0
63619, -11348, -580, 9912, 0, 0
63647, -11360, -512, 9960, 0, 0
63679, -11324, -636, 10220, 0, 0
63708, -11372, -644, 10068, 0, 0
63739, -11268, -624, 10028, 0, 0
63767, -11364, -704, 10044, 0, 0
63851, -11232, -632, 10096, 0, 0
63880, -11304, -756, 10128, 0, 0
63919, -11348, -612, 10076, 0, 0
63947, -11308, -772, 10108, 0, 0
63979, -11448, -696, 10032, 0, 0
64008, -11328, -692, 10156, 0, 0
64039, -11512, -452, 9992, 0, 0
64067, -11304, -656, 10136, 0, 0
64099, -11288, -708, 10080, 0, 0
64128, -11304, -712, 10056, 0, 0
64159, -11444, -628, 10016, 0, 0
64188, -11276, -688, 9968, 0, 0
64219, -11440, -632, 10044, 0, 0
64247, -11200, -640, 10032, 0, 0
64279, -11324, -636, 9948, 0, 0
64308, -11264, -600, 10004, 0, 0
64339, -11284, -628, 10112, 0, 0
64367, -11408, -560, 10120, 0, 0
64399, -11248, -628, 10016, 0, 0
64428, -11316, -640, 9932, 0, 0
64459, -11464, -660, 10136, 0, 0
64491, -11364, -532, 9952, 0, 0
64520, -11388, -680, 10132, 0, 0
64559, -11336, -620, 9976, 0, 0
64587, -11344, -672, 10140, 0, 0
64619, -11260, -628, 10100, 0, 0
64648, -11340, -656, 10072, 0, 0
64679, -11392, -608, 9940, 0, 0
64707, -11284, -536, 9984, 0, 0
64739, -11344, -460, 9940, 0, 0
64768, -11424, -636, 10040, 0, 0
64848, -11392, -532, 9900, 0, 0
64880, -11228, -540, 10048, 0, 0
64919, -11336, -584, 10040, 0, 0
64951, -11268, -792, 10188, 0, 0
64982, -11392, -688, 10168, 0, 0
65019, -11280, -752, 10116, 0, 0
65050, -11384, -524, 9828, 0, 0
65082, -11352, -564, 10048, 0, 0
65119, -11460, -548, 10112, 0, 0
65150, -11412, -580, 10104, 0, 0
65182, -11300, -660, 10048, 0, 0
65219, -11304, -624, 9876, 0, 0
65251, -11304, -604, 10016, 0, 0
65282, -11248, -676, 9972, 0, 0
65319, -11412, -552, 9956, 0, 0
65350, -11424, -620, 10212, 0, 0
65382, -11444, -556, 10064, 0, 0
65419, -11324, -584, 9872, 0, 0
65451, -11376, -640, 9952, 0, 0
65482, -11340, -572, 10024, 0, 0
65519, -11344, -584, 10104, 0, 0
65551, -11452, -640, 10080, 0, 0
65582, -11460, -704, 10152, 0, 0
65619, -11284, -624, 10060, 0, 0
65650, -11212, -604, 9972, 0, 0
65682, -11308, -740, 9964, 0, 0
65719, -11284, -816, 10192, 0, 0
65751, -11196, -604, 10156, 0, 0
65782, -11392, -760, 10148, 0, 0
65819, -11392, -580, 10128, 0, 0
65851, -11232, -704, 9936, 0, 0
65920, -11196, -656, 10064, 0, 0
65959, -11240, -728, 10340, 0, 0
65990, -11248, -692, 10272, 0, 0
66022, -11028, -652, 10220, 0, 0
66059, -11020, -544, 10504, 0, 0
66091, -11140, -488, 10480, 0, 0
66122, -11232, -356, 10592, 0, 0
66159, -11348, -144, 10724, 0, 0
66191, -11356, -108, 10712, 0, 0
66222, -11460, -52, 10564, 0, 0
66259, -11404, -212, 10108, 0, 0
66290, -11348, -456, 9580, 0, 0
66322, -11096, -788, 9448, 0, 0
66359, -10984, -1080, 9560, 0, 0
66391, -10984, -1256, 9904, 0, 0
66425, -11124, -1172, 10144, 0, 0
66459, -11444, -1044, 10164, 0, 0
66491, -11460, -808, 10168, 0, 0
66522, -11496, -616, 9972, 0, 0
66560, -11480, -664, 9792, 0, 0
66590, -11504, -792, 9880, 0, 0
66622, -11288, -940, 9776, 0, 0
66659, -11312, -984, 9904, 0, 0
66694, -11292, -1004, 10036, 0, 0
66725, -11464, -976, 9972, 0, 0
66759, -11420, -884, 9756, 0, 0
66791, -11360, -1068, 9792, 0, 0
66822, -11480, -900, 9676, 0, 0
66860, -11312, -952, 9652, 0, 0
66890, -11268, -860, 9648, 0, 0
66922, -11336, -832, 9708, 0, 0
66993, -11428, -704, 10416, 0, 0
67024, -11640, -636, 10364, 0, 0
67059, -11752, -512, 10260, 0, 0
67090, -11680, -512, 10032, 0, 0
67122, -11520, -728, 9708, 0, 0
67159, -11116, -952, 9576, 0, 0
67190, -11020, -1188, 9640, 0, 0
67222, -11092, -1292, 9904, 0, 0
67259, -11364, -1056, 9984, 0, 0
67291, -11508, -876, 10064, 0, 0
67321, -11512, -788, 9944, 0, 0
67359, -11532, -568, 9776, 0, 0
67390, -11620, -704, 9872, 0, 0
67422, -11456, -784, 9720, 0, 0
67459, -11292, -968, 9872, 0, 0
67490, -11244, -1000, 9988, 0, 0
67522, -11344, -852, 9872, 0, 0
67559, -11432, -720, 9848, 0, 0
67591, -11628, -608, 9716, 0, 0
67621, -11476, -724, 9892, 0, 0
67659, -11532, -560, 9996, 0, 0
67690, -11472, -756, 9956, 0, 0
67722, -11476, -688, 9828, 0, 0
67759, -11368, -764, 9912, 0, 0
67790, -11380, -840, 9700, 0, 0
67822, -11416, -872, 9744, 0, 0
67859, -11512, -756, 9832, 0, 0
67891, -11440, -832, 9952, 0, 0
67921, -11368, -720, 9728, 0, 0
67959, -11472, -728, 9780, 0, 0
67990, -11476, -780, 9796, 0, 0
68067, -11444, -868, 10044, 0, 0
68099, -11392, -792, 9996, 0, 0
68130, -11500, -732, 9948, 0, 0
68162, -11476, -780, 9828, 0, 0
68199, -11420, -808, 9848, 0, 0
68231, -11444, -676, 9868, 0, 0
68261, -11512, -872, 10004, 0, 0
68299, -11384, -864, 9864, 0, 0
68330, -11464, -692, 9916, 0, 0
68362, -11516, -860, 9836, 0, 0
68399, -11436, -672, 9872, 0, 0
68430, -11508, -764, 10052, 0, 0
68462, -11600, -692, 9900, 0, 0
68499, -11504, -652, 9928, 0, 0
68531, -11488, -744, 9980, 0, 0
68561, -11488, -688, 9788, 0, 0
68599, -11492, -800, 9628, 0, 0
68630, -11476, -912, 10008, 0, 0
68662, -11344, -820, 9672, 0, 0
68699, -11468, -908, 9956, 0, 0
68730, -11540, -792, 9708, 0, 0
68762, -11496, -656, 9724, 0, 0
68799, -11568, -736, 9836, 0, 0
68831, -11404, -896, 9848, 0, 0
68861, -11524, -956, 9852, 0, 0
68905, -11472, -892, 9888, 0, 0
68939, -11444, -744, 9828, 0, 0
68970, -11388, -752, 9712, 0, 0
69002, -11524, -616, 9560, 0, 0
69039, -11416, -732, 9768, 0, 0
69070, -11524, -792, 9976, 0, 0
69133, -11496, -824, 9904, 0, 0
69168, -11496, -692, 9952, 0, 0
69199, -11600, -772, 9796, 0, 0
69239, -11260, -720, 9484, 0, 0
69270, -11508, -744, 9668, 0, 0
69302, -11384, -936, 10000, 0, 0
69339, -11376, -836, 9752, 0, 0
69370, -11444, -900, 9968, 0, 0
69402, -11576, -660, 9752, 0, 0
69439, -11524, -616, 9892, 0, 0
69471, -11608, -632, 9804, 0, 0
69501, -11500, -772, 9752, 0, 0
69539, -11340, -900, 9792, 0, 0
69570, -11524, -812, 9816, 0, 0
69602, -11468, -716, 9624, 0, 0
69639, -11500, -808, 9948, 0, 0
69668, -11376, -728, 9888, 0, 0
69699, -11480, -604, 9888, 0, 0
69739, -11428, -680, 9788, 0, 0
69771, -11452, -712, 9812, 0, 0
69801, -11524, -620, 9872, 0, 0
69839, -11684, -656, 9668, 0, 0
69870, -11332, -756, 9952, 0, 0
69902, -11424, -708, 9952, 0, 0
69939, -11356, -728, 9916, 0, 0
69970, -11440, -796, 9956, 0, 0
70002, -11460, -724, 9712, 0, 0
70039, -11352, -504, 9560, 0, 0
70071, -11200, -620, 9432, 0, 0
70102, -11252, -292, 8988, 0, 0
70139, -11248, -100, 8884, 0, 0
70170, -11252, -288, 9088, 0, 0
70239, -11132, 236, 9412, 0, 0
70274, -11208, 316, 9824, 0, 0
70304, -11228, 1324, 9116, 0, 0
70339, -11736, 2212, 9252, 0, 0
70371, -11756, 2232, 9580, 0, 0
70402, -11688, 3024, 9388, 0, 0
70439, -12128, 5864, 7160, 0, 0
70470, -12360, 6588, 7296, 0, 0
70502, -11648, 6808, 6444, 0, 0
70539, -10868, 8060, 3796, 0, 0
70571, -10076, 8728, 1964, 0, 0
70602, -9696, 10476, 232, 0, 0
70639, -10244, 12476, -872, 0, 0
70671, -9176, 12660, -1584, 0, 0
70702, -8232, 13244, -2368, 0, 0
70739, -6552, 13268, -2488, 0, 0
70770, -5836, 13272, -1372, 0, 0
70802, -6364, 15064, -2336, 0, 0
70839, -5388, 15512, -2972, 0, 0
70871, -4708, 15352, -1788, 0, 0
70902, -5588, 17300, -3324, 0, 0
70939, -5044, 17736, -2776, 0, 0
70971, -4268, 17052, -2456, 0, 0
71002, -3620, 16256, -1424, 0, 0
71040, -3636, 16208, -1972, 0, 0
71070, -3868, 16560, -1732, 0, 0
71105, -3768, 15740, -624, 0, 0
71139, -3944, 15700, -472, 0, 0
71171, -4096, 15560, -808, 0, 0
71201, -3976, 15372, -176, 0, 0
71239, -3844, 15456, -348, 0, 0
71305, -3608, 15624, -160, 0, 0
71340, -3876, 16036, -572, 0, 0
71379, -3580, 15900, -480, 0, 0
71410, -3612, 15960, -712, 0, 0
71442, -3520, 16040, 84, 0, 0
71479, -3892, 16140, 0, 0, 0
71511, -3800, 15848, -112, 0, 0
71541, -3768, 15788, 168, 0, 0
71579, -3944, 16052, -112, 0, 0
71611, -3788, 15788, -304, 0, 0
71642, -3688, 15576, -24, 0, 0
71680, -3768, 15724, -264, 0, 0
71710, -3712, 15544, -176, 0, 0
71742, -3824, 15724, -312, 0, 0
71779, -3660, 15952, -16, 0, 0
71811, -3912, 15848, 96, 0, 0
71841, -3944, 15844, 196, 0, 0
71879, -3992, 15820, 68, 0, 0
71910, -3932, 15512, 4, 0, 0
71942, -3828, 15512, -8, 0, 0
71980, -3840, 15424, 52, 0, 0
72010, -4044, 15724, -132, 0, 0
72042, -4096, 15876, 372, 0, 0
72079, -3952, 15800, 216, 0, 0
72111, -4080, 15708, 292, 0, 0
72141, -4056, 15664, 240, 0, 0
72179, -3792, 15584, 272, 0, 0
72210, -4112, 15596, 400, 0, 0
72242, -4052, 15720, -80, 0, 0
72279, -3788, 15604, 8, 0, 0
72310, -4168, 15880, -16, 0, 0
72342, -4084, 16076, -568, 0, 0
72409, -3660, 15748, -228, 0, 0
72443, -3984, 15780, -504, 0, 0
72479, -3908, 15564, -432, 0, 0
72510, -3972, 15360, -84, 0, 0
72542, -4100, 15400, -252, 0, 0
72579, -4068, 15560, -452, 0, 0
72610, -3972, 15608, -468, 0, 0
72642, -3912, 15576, -696, 0, 0
72679, -4060, 15856, -696, 0, 0
72711, -4012, 15976, -812, 0, 0
72741, -4044, 15896, -688, 0, 0
72779, -3908, 15684, -1000, 0, 0
72810, -3660, 15444, -840, 0, 0
72842, -3784, 15664, -912, 0, 0
72879, -4016, 15716, -1116, 0, 0
72910, -3988, 15624, -1008, 0, 0
72942, -3948, 15504, -1072, 0, 0
72979, -3816, 15436, -1104, 0, 0
73011, -3992, 15576, -1164, 0, 0
73041, -3920, 15516, -792, 0, 0
73079, -3868, 15608, -1012, 0, 0
73110, -4000, 15596, -932, 0, 0
73142, -4048, 15800, -920, 0, 0
73179, -3964, 15812, -1184, 0, 0
73210, -4004, 15820, -1112, 0, 0
73242, -3984, 15596, -1288, 0, 0
73279, -3720, 15296, -1120, 0, 0
73314, -3768, 15392, -1252, 0, 0
73346, -3956, 15556, -1164, 0, 0
73379, -4268, 15768, -1112, 0, 0
73410, -4220, 15744, -1200, 0, 0
73474, -3840, 15524, -944, 0, 0
73508, -4004, 15764, -1376, 0, 0
73539, -3864, 15640, -1376, 0, 0
73579, -3960, 15516, -1124, 0, 0
73611, -4148, 15612, -1240, 0, 0
73641, -4024, 15788, -1248, 0, 0
73679, -3868, 15620, -1116, 0, 0
73710, -3800, 15616, -1112, 0, 0
73742, -3792, 15672, -1200, 0, 0
73779, -3812, 15736, -1184, 0, 0
73810, -3848, 15804, -1232, 0, 0
73842, -3972, 15600, -1440, 0, 0
73879, -3928, 15660, -1348, 0, 0
73911, -3868, 15688, -1236, 0, 0
73942, -3924, 15516, -904, 0, 0
73979, -4044, 15776, -1204, 0, 0
74010, -4160, 15648, -1200, 0, 0
74042, -3868, 15560, -1168, 0, 0
74079, -3896, 15596, -1264, 0, 0
74110, -3912, 15560, -1212, 0, 0
74142, -3820, 15712, -1196, 0, 0
74179, -3924, 15620, -1144, 0, 0
74211, -4088, 15788, -1232, 0, 0
74242, -3988, 15636, -1288, 0, 0
74279, -3992, 15712, -1196, 0, 0
74310, -4096, 15672, -1196, 0, 0
74342, -3848, 15644, -1092, 0, 0
74379, -3776, 15732, -1112, 0, 0
74411, -4028, 15740, -1188, 0, 0
74445, -3964, 15720, -1004, 0, 0
74479, -3892, 15684, -1312, 0, 0
74511, -3792, 15544, -1168, 0, 0
74583, -4092, 15700, -988, 0, 0
74619, -3964, 15624, -1136, 0, 0
74650, -4108, 15836, -1464, 0, 0
74682, -4020, 15648, -1176, 0, 0
74719, -3872, 15544, -1032, 0, 0
74750, -3876, 15580, -1076, 0, 0
74782, -3956, 15608, -1184, 0, 0
74819, -4080, 15744, -1128, 0, 0
74851, -4024, 15652, -1144, 0, 0
74882, -3964, 15692, -1396, 0, 0
74919, -3760, 15616, -1096, 0, 0
74950, -3788, 15476, -1236, 0, 0
74982, -3932, 15624, -1160, 0, 0
75019, -3940, 15700, -1144, 0, 0
75051, -3944, 15764, -1264, 0, 0
75082, -3880, 15708, -828, 0, 0
75119, -3988, 15720, -1008, 0, 0
75151, -3820, 15668, -836, 0, 0
75182, -3888, 15596, -976, 0, 0
75219, -4000, 15628, -1160, 0, 0
75250, -3816, 15784, -1120, 0, 0
75282, -3852, 15676, -1160, 0, 0
75319, -3960, 15568, -1068, 0, 0
75351, -4000, 15800, -1152, 0, 0
75381, -3888, 15696, -840, 0, 0
75419, -3932, 15628, -1012, 0, 0
75451, -3876, 15668, -1072, 0, 0
75482, -4004, 15772, -976, 0, 0
75527, -3852, 15632, -956, 0, 0
75559, -3816, 15672, -1112, 0, 0
75590, -3964, 15684, -1152, 0, 0
75655, -3868, 15664, -984, 0, 0
75689, -3868, 15648, -1084, 0, 0
75721, -3780, 15664, -980, 0, 0
75759, -3836, 15776, -884, 0, 0
75791, -3984, 15640, -1184, 0, 0
75822, -3928, 15624, -1112, 0, 0
75859, -3812, 15696, -1044, 0, 0
75890, -3852, 15680, -1036, 0, 0
75922, -3844, 15596, -1036, 0, 0
75959, -3720, 15736, -1020, 0, 0
75991, -3780, 15628, -1136, 0, 0
76022, -3892, 15780, -1316, 0, 0
76059, -4012, 15696, -1092, 0, 0
76094, -3896, 15572, -1068, 0, 0
76125, -3744, 15640, -792, 0, 0
76160, -3956, 15868, -1072, 0, 0
76190, -3836, 15716, -1036, 0, 0
76222, -3964, 15796, -824, 0, 0
76259, -3808, 15600, -940, 0, 0
76291, -3920, 15548, -940, 0, 0
76321, -3804, 15708, -964, 0, 0
76359, -3828, 15660, -884, 0, 0
76391, -3824, 15828, -1148, 0, 0
76422, -3896, 15728, -960, 0, 0
76460, -3728, 15660, -1040, 0, 0
76490, -3912, 15748, -1012, 0, 0
76522, -3880, 15744, -1028, 0, 0
76559, -3848, 15656, -980, 0, 0
76591, -3912, 15768, -1144, 0, 0
76621, -3804, 15664, -860, 0, 0
76659, -4044, 15712, -996, 0, 0
76690, -3836, 15716, -876, 0, 0
76761, -3844, 15636, -1112, 0, 0
76800, -3848, 15688, -892, 0, 0
76830, -3868, 15708, -896, 0, 0
76862, -3868, 15628, -1068, 0, 0
76899, -3840, 15692, -808, 0, 0
76931, -3828, 15736, -756, 0, 0
76961, -3996, 15764, -1100, 0, 0
76999, -3804, 15684, -840, 0, 0
77031, -3808, 15712, -1004, 0, 0
77062, -3820, 15764, -892, 0, 0
77100, -3936, 15788, -1112, 0, 0
77130, -3896, 15660, -964, 0, 0
77162, -3884, 15752, -1108, 0, 0
77199, -3748, 15668, -1212, 0, 0
77231, -3852, 15524, -1032, 0, 0
77261, -3864, 15672, -1020, 0, 0
77299, -3936, 15672, -948, 0, 0
77330, -3816, 15780, -1040, 0, 0
77362, -3912, 15732, -1052, 0, 0
77399, -3688, 15816, -1100, 0, 0
77430, -3796, 15812, -1404, 0, 0
77462, -3848, 15660, -1380, 0, 0
77499, -3700, 15816, -1600, 0, 0
77531, -3732, 16032, -1840, 0, 0
77561, -3800, 15984, -1512, 0, 0
77599, -4028, 15932, -1660, 0, 0
77630, -3988, 15680, -1500, 0, 0
77675, -4280, 15720, -1220, 0, 0
77707, -4260, 15484, -1332, 0, 0
77742, -4108, 15368, -1164, 0, 0
77779, -4652, 15444, -916, 0, 0
77845, -4876, 15992, -1052, 0, 0
77879, -4884, 15600, -1352, 0, 0
77911, -4692, 15268, -1084, 0, 0
77941, -4752, 15312, -776, 0, 0
77979, -5500, 15408, -1120, 0, 0
78011, -6224, 15312, -908, 0, 0
78042, -5916, 14152, -1240, 0, 0
78080, -4728, 13148, 1504, 0, 0
78110, -5656, 14180, 1544, 0, 0
78142, -6236, 15276, -296, 0, 0
78179, -5788, 13896, 776, 0, 0
78211, -5812, 13212, 1848, 0, 0
78242, -6540, 14172, 1792, 0, 0
78279, -7560, 14732, 1416, 0, 0
78310, -7880, 15324, 532, 0, 0
78342, -8196, 15292, 1548, 0, 0
78380, -8288, 14876, 2136, 0, 0
78410, -8056, 14144, 1744, 0, 0
78442, -7472, 13032, 2248, 0, 0
78479, -8252, 14336, 2564, 0, 0
78511, -8092, 14952, 2672, 0, 0
78541, -7816, 14664, 3956, 0, 0
78579, -8064, 14780, 4608, 0, 0
78610, -8244, 14908, 4416, 0, 0
78642, -8212, 14416, 5392, 0, 0
78679, -7560, 13872, 5608, 0, 0
78710, -7580, 12756, 5564, 0, 0
78742, -7636, 12160, 6560, 0, 0
78779, -7828, 12840, 5224, 0, 0
78811, -7088, 12616, 4688, 0, 0
78841, -6548, 12148, 3776, 0, 0
78879, -6680, 12868, 1508, 0, 0
78950, -6508, 13168, 1776, 0, 0
78981, -6836, 13896, 484, 0, 0
79020, -7280, 13244, 1044, 0, 0
79050, -7288, 12432, 2496, 0, 0
79082, -7292, 12636, 1700, 0, 0
79119, -7524, 12884, 1476, 0, 0
79151, -7412, 13156, 1528, 0, 0
79181, -7916, 12900, 1972, 0, 0
79219, -8396, 12680, 2332, 0, 0
79250, -9088, 12384, 3916, 0, 0
79282, -9308, 12848, 3232, 0, 0
79319, -9620, 12692, 2732, 0, 0
79350, -9680, 11304, 3688, 0, 0
79382, -10004, 10568, 3228, 0, 0
79419, -10872, 11160, 3640, 0, 0
79451, -10356, 10744, 3940, 0, 0
79481, -10248, 10276, 4912, 0, 0
79519, -10800, 9372, 5224, 0, 0
79550, -10616, 8832, 4956, 0, 0
79582, -11056, 8744, 4200, 0, 0
79619, -12244, 8136, 7712, 0, 0
79650, -12120, 9356, 2652, 0, 0
79682, -11476, 7268, 4744, 0, 0
79719, -11088, 4384, 5600, 0, 0
79751, -11512, 4804, 7260, 0, 0
79781, -11888, 4832, 7624, 0, 0
79819, -10904, 3312, 8784, 0, 0
79850, -11264, 4876, 8240, 0, 0
79882, -11704, 5672, 8412, 0, 0
79919, -10456, 4560, 9640, 0, 0
79953, -16776, 9392, 15000, 0, 0
80019, -8432, 3088, 8864, 0, 0
80059, -11256, 3608, 11520, 0, 0
80091, -10856, 2496, 10864, 0, 0
80121, -10468, 1688, 9768, 0, 0
80159, -10948, 2680, 10180, 0, 0
80190, -11020, 3216, 10404, 0, 0
80222, -10848, 3784, 10304, 0, 0
80259, -10952, 4204, 9844, 0, 0
80290, -11036, 4652, 9640, 0, 0
80322, -10800, 3872, 9852, 0, 0
80359, -10660, 3748, 10644, 0, 0
80391, -10612, 3872, 10484, 0, 0
80421, -10640, 3928, 10256, 0, 0
80459, -10580, 3904, 10556, 0, 0
80490, -10408, 3800, 10552, 0, 0
80522, -10592, 3856, 10772, 0, 0
80559, -10312, 3512, 11016, 0, 0
80590, -10184, 3220, 11396, 0, 0
80622, -10260, 3264, 11144, 0, 0
80659, -10288, 3656, 10880, 0, 0
80691, -10436, 4180, 10904, 0, 0
80721, -10372, 4296, 10296, 0, 0
80759, -10412, 4216, 10312, 0, 0
80790, -10428, 4452, 10400, 0, 0
80822, -10324, 4296, 10276, 0, 0
80859, -10332, 4228, 10292, 0, 0
80893, -10292, 4172, 10452, 0, 0
80925, -10180, 4300, 10656, 0, 0
80959, -10276, 4184, 10596, 0, 0
80991, -10496, 4212, 10528, 0, 0
81021, -10196, 4168, 10728, 0, 0
81059, -10224, 4072, 10712, 0, 0
81130, -10208, 4172, 10680, 0, 0
81161, -10132, 4008, 10832, 0, 0
81199, -10104, 4144, 10896, 0, 0
81230, -10064, 4084, 10652, 0, 0
81262, -10040, 4076, 10772, 0, 0
81299, -10156, 4208, 10964, 0, 0
81331, -10008, 4108, 10660, 0, 0
81361, -10124, 4208, 10752, 0, 0
81399, -9984, 4028, 10964, 0, 0
81430, -10072, 3976, 10804, 0, 0
81462, -10008, 3988, 11280, 0, 0
81499, -10140, 4292, 10540, 0, 0
81530, -10116, 4092, 10868, 0, 0
81562, -9948, 4088, 10760, 0, 0
81599, -10176, 4040, 10764, 0, 0
81631, -10064, 4044, 10876, 0, 0
81661, -10080, 4196, 11096, 0, 0
81699, -10080, 4024, 10608, 0, 0
81730, -10148, 3944, 10868, 0, 0
81762, -10136, 4200, 11044, 0, 0
81799, -10124, 4216, 10616, 0, 0
81830, -10096, 4152, 10956, 0, 0
81862, -10028, 4048, 11024, 0, 0
81899, -10056, 4124, 10800, 0, 0
81931, -10136, 4168, 10852, 0, 0
81961, -10148, 4140, 11184, 0, 0
81999, -10056, 4128, 10860, 0, 0
82030, -10028, 3984, 10932, 0, 0
82062, -10004, 4236, 10860, 0, 0
82099, -10000, 4196, 10860, 0, 0
82130, -10108, 4156, 11084, 0, 0
82201, -9984, 4136, 10744, 0, 0
82239, -10084, 4148, 11024, 0, 0
82271, -10044, 4192, 10688, 0, 0
82301, -9944, 4100, 10980, 0, 0
82339, -10184, 4220, 11012, 0, 0
82370, -9948, 4104, 10992, 0, 0
82402, -9972, 4172, 10944, 0, 0
82439, -10104, 4172, 11036, 0, 0
82470, -9976, 4168, 10696, 0, 0
82502, -10108, 4180, 10968, 0, 0
82539, -10044, 4140, 10944, 0, 0
82571, -9988, 4124, 10836, 0, 0
82601, -9956, 4224, 10828, 0, 0
82639, -10000, 4220, 11068, 0, 0
82670, -9944, 4208, 10732, 0, 0
82702, -10012, 4224, 11016, 0, 0
82739, -10080, 4072, 10960, 0, 0
82770, -10032, 4152, 10816, 0, 0
82802, -10076, 4148, 10856, 0, 0
82839, -9964, 4144, 10752, 0, 0
82871, -10032, 4228, 10708, 0, 0
82902, -10000, 4216, 10960, 0, 0
82939, -10024, 4228, 11120, 0, 0
82970, -10060, 4200, 10680, 0, 0
83002, -10192, 4304, 10756, 0, 0
83039, -10068, 4120, 10976, 0, 0
83070, -10068, 4120, 11036, 0, 0
83102, -10096, 4172, 10816, 0, 0
83139, -9976, 4212, 10948, 0, 0
83171, -9940, 4056, 11108, 0, 0
83202, -10020, 4236, 10888, 0, 0
83239, -10044, 4144, 11004, 0, 0
83311, -10104, 4164, 10840, 0, 0
83343, -10060, 4056, 11048, 0, 0
83379, -10124, 4248, 10804, 0, 0
83410, -10016, 4248, 10764, 0, 0
83442, -9928, 4120, 10944, 0, 0
83479, -9952, 4208, 10784, 0, 0
83511, -10112, 4256, 10732, 0, 0
83542, -10044, 4220, 10776, 0, 0
83579, -10040, 4236, 10852, 0, 0
83610, -10012, 4140, 10764, 0, 0
83642, -9984, 4228, 10832, 0, 0
83679, -10024, 4252, 10920, 0, 0
83710, -10016, 4204, 10980, 0, 0
83742, -10068, 4072, 10900, 0, 0
83779, -9960, 4208, 10772, 0, 0
83811, -10072, 4336, 10872, 0, 0
83842, -10028, 4168, 11036, 0, 0
83879, -10068, 4168, 10900, 0, 0
83910, -10032, 4152, 10956, 0, 0
83942, -9932, 4176, 10972, 0, 0
83979, -9900, 4196, 10960, 0, 0
84011, -10016, 4224, 11016, 0, 0
84042, -10008, 4128, 10932, 0, 0
84079, -9980, 4252, 10824, 0, 0
84114, -10152, 4308, 10688, 0, 0
84146, -9892, 4124, 11032, 0, 0
84179, -9956, 4196, 10844, 0, 0
84210, -10032, 4144, 10812, 0, 0
84242, -10012, 4288, 11052, 0, 0
84279, -9948, 4200, 10860, 0, 0
84311, -9964, 4396, 10824, 0, 0
84379, -10092, 4288, 11052, 0, 0
84414, -10044, 4324, 10796, 0, 0
84445, -9776, 4624, 11172, 0, 0
84480, -10076, 4652, 10464, 1, 0
84510, -10268, 4864, 10292, 1, 0
84542, -10172, 4868, 10292, 1, 0
84579, -10024, 4896, 10904, 1, 0
