12046, 60, 12248, 12240, 0, 0
12083, 756, 12448, 9580, 0, 0
12120, 608, 14176, 10792, 0, 0
12144, 1140, 14740, 10712, 0, 0
12179, 1920, 15364, 10260, 0, 0
12205, 2660, 15232, 10684, 0, 0
12239, 3168, 14780, 11804, 0, 0
12264, 3800, 15112, 11708, 0, 0
12299, 3992, 14840, 12588, 0, 0
12324, 3552, 14712, 14504, 0, 0
12359, 2952, 15000, 14036, 0, 0
12385, 3244, 14584, 13948, 0, 0
12419, 3304, 14900, 13464, 0, 0
12444, 2972, 15028, 12664, 0, 0
12479, 3156, 14672, 11056, 0, 0
12505, 4476, 13592, 10728, 0, 0
12539, 4928, 13100, 10152, 0, 0
12564, 5164, 12996, 10340, 0, 0
12599, 5168, 12900, 10176, 0, 0
12624, 5388, 12776, 9916, 0, 0
12659, 5476, 12624, 10252, 0, 0
12685, 5780, 12484, 10008, 0, 0
12719, 5988, 12456, 9984, 0, 0
12744, 6008, 12356, 9680, 0, 0
12779, 5892, 12332, 9416, 0, 0
12805, 5920, 12276, 9064, 0, 0
12839, 5916, 12292, 9092, 0, 0
12864, 5968, 12272, 9004, 0, 0
12899, 5776, 12104, 9100, 0, 0
12924, 5888, 12084, 8992, 0, 0
12991, 5752, 12192, 9624, 0, 0
13019, 5492, 12312, 9800, 0, 0
13044, 5300, 12620, 9928, 0, 0
13079, 5164, 12848, 10200, 0, 0
13105, 4952, 13056, 10580, 0, 0
13139, 4960, 13256, 10408, 0, 0
13164, 4872, 13244, 10868, 0, 0
13199, 4764, 13320, 10628, 0, 0
13224, 4520, 13192, 10908, 0, 0
13259, 4652, 13312, 10524, 0, 0
13284, 4636, 13188, 10716, 0, 0
13319, 4608, 13104, 10448, 0, 0
13344, 4696, 13048, 10696, 0, 0
13379, 4832, 13108, 10544, 0, 0
13405, 4788, 13020, 10376, 0, 0
13440, 5032, 12864, 10584, 0, 0
13464, 5232, 12676, 10676, 0, 0
13499, 5252, 12644, 10000, 0, 0
13524, 5360, 12756, 9972, 0, 0
13559, 5540, 12760, 10060, 0, 0
13584, 5736, 12532, 9896, 0, 0
13619, 5792, 12460, 9676, 0, 0
13647, 5828, 12604, 9564, 0, 0
13679, 5724, 12688, 9640, 0, 0
13705, 5752, 12584, 9696, 0, 0
13740, 5600, 12528, 9508, 0, 0
13764, 5672, 12824, 9548, 0, 0
13799, 5640, 12744, 9696, 0, 0
13825, 5576, 12660, 9732, 0, 0
13859, 5560, 12820, 9712, 0, 0
13918, 5252, 12788, 10004, 0, 0
13946, 5196, 12836, 9936, 0, 0
13979, 5288, 12820, 10036, 0, 0
14005, 5208, 12608, 10036, 0, 0
14040, 5112, 12740, 10116, 0, 0
14064, 4872, 12780, 10312, 0, 0
14099, 5168, 12720, 10408, 0, 0
14125, 5148, 12788, 10368, 0, 0
14159, 5244, 12668, 10364, 0, 0
14184, 5324, 12632, 10280, 0, 0
14219, 5540, 12644, 10180, 0, 0
14244, 5356, 12680, 10052, 0, 0
14279, 5420, 12804, 10056, 0, 0
14305, 5416, 12856, 10012, 0, 0
14339, 5444, 12848, 9908, 0, 0
14364, 5632, 12752, 9904, 0, 0
14399, 5664, 12760, 10036, 0, 0
14425, 5624, 12796, 9832, 0, 0
14459, 5504, 12736, 9664, 0, 0
14484, 5464, 12772, 9760, 0, 0
14519, 5460, 12624, 9996, 0, 0
14544, 5492, 12744, 10108, 0, 0
14579, 5584, 12620, 10264, 0, 0
14605, 5720, 12560, 10396, 0, 0
14639, 5588, 12676, 10384, 0, 0
14664, 5512, 12692, 10188, 0, 0
14699, 5404, 12952, 9936, 0, 0
14725, 5376, 12892, 9868, 0, 0
14759, 5328, 12916, 9952, 0, 0
14784, 5324, 12872, 9868, 0, 0
14819, 5384, 12832, 10020, 0, 0
14844, 5268, 12736, 10140, 0, 0
14908, 5096, 13128, 10264, 0, 0
14939, 5112, 13012, 10332, 0, 0
14967, 5256, 12772, 10268, 0, 0
14999, 5356, 12640, 10264, 0, 0
15025, 5452, 12552, 9984, 0, 0
15059, 5608, 12244, 10156, 0, 0
15084, 5584, 12164, 10156, 0, 0
15119, 5448, 12412, 10104, 0, 0
15144, 5292, 12752, 9928, 0, 0
15179, 5324, 12548, 10228, 0, 0
15204, 5340, 12452, 10388, 0, 0
15239, 5268, 12580, 10296, 0, 0
15264, 5100, 12812, 10168, 0, 0
15299, 4824, 13072, 10184, 0, 0
15325, 4704, 12960, 10364, 0, 0
15360, 4868, 13104, 10392, 0, 0
15384, 4916, 13056, 10176, 0, 0
15419, 5016, 13044, 10444, 0, 0
15444, 5296, 12808, 10484, 0, 0
15479, 5400, 12856, 10344, 0, 0
15504, 5580, 12712, 10160, 0, 0
15539, 5708, 12568, 10064, 0, 0
15564, 5728, 12564, 10088, 0, 0
15599, 5752, 12308, 9836, 0, 0
15628, 6008, 12648, 9756, 0, 0
15660, 6016, 12744, 9768, 0, 0
15684, 5676, 12940, 9612, 0, 0
15719, 5360, 13164, 9664, 0, 0
15745, 5260, 12996, 9808, 0, 0
15779, 5348, 12900, 9688, 0, 0
15804, 5384, 12852, 9656, 0, 0
15864, 5424, 12744, 9852, 0, 0
15899, 5496, 12832, 9924, 0, 0
15925, 5480, 12656, 10068, 0, 0
15960, 5356, 12724, 10172, 0, 0
15984, 5344, 12700, 9928, 0, 0
16019, 5448, 12832, 9888, 0, 0
16045, 5432, 12880, 10092, 0, 0
16079, 5324, 12900, 10200, 0, 0
16104, 5144, 12908, 9824, 0, 0
16139, 5176, 13116, 9756, 0, 0
16164, 5196, 13068, 9772, 0, 0
16199, 5020, 13032, 9800, 0, 0
16225, 4956, 13084, 9856, 0, 0
16259, 4976, 13108, 9840, 0, 0
16284, 5028, 13084, 9708, 0, 0
16319, 4984, 13084, 9852, 0, 0
16345, 5000, 13248, 9832, 0, 0
16379, 4992, 13140, 9836, 0, 0
16404, 5116, 12964, 9956, 0, 0
16439, 4960, 12980, 9920, 0, 0
16464, 5044, 12828, 9800, 0, 0
16499, 5044, 12832, 9684, 0, 0
16525, 5156, 12824, 9572, 0, 0
16559, 5244, 12692, 9632, 0, 0
16584, 5048, 12780, 9776, 0, 0
16619, 4984, 13000, 9708, 0, 0
16645, 5056, 13048, 9696, 0, 0
16679, 5188, 13044, 9984, 0, 0
16704, 5192, 13024, 9804, 0, 0
16739, 5108, 13032, 9860, 0, 0
16764, 4972, 13112, 9512, 0, 0
16799, 5060, 12988, 9324, 0, 0
16863, 4964, 13312, 9572, 0, 0
16899, 4884, 13284, 9612, 0, 0
16924, 5032, 13084, 9624, 0, 0
16959, 5112, 13104, 9428, 0, 0
16985, 5300, 13044, 9564, 0, 0
17019, 5468, 12984, 9616, 0, 0
17044, 5444, 12932, 9492, 0, 0
17079, 5488, 12964, 9644, 0, 0
17104, 5412, 12800, 9352, 0, 0
17139, 5320, 13116, 9348, 0, 0
17165, 5372, 13268, 9224, 0, 0
17199, 5220, 13300, 9424, 0, 0
17224, 5144, 13232, 9400, 0, 0
17259, 5172, 13276, 9484, 0, 0
17285, 5220, 13276, 9412, 0, 0
17319, 5180, 13304, 9396, 0, 0
17344, 5192, 13300, 9536, 0, 0
17379, 5120, 13192, 9448, 0, 0
17404, 5096, 13176, 9556, 0, 0
17439, 5128, 13076, 9600, 0, 0
17464, 5060, 13212, 9484, 0, 0
17499, 4792, 13320, 9512, 0, 0
17524, 5024, 13344, 9664, 0, 0
17559, 5036, 13204, 9656, 0, 0
17585, 5036, 13132, 9756, 0, 0
17619, 5004, 13060, 9680, 0, 0
17644, 5152, 13140, 9628, 0, 0
17679, 5236, 13068, 9640, 0, 0
17704, 5284, 12972, 9572, 0, 0
17739, 5308, 13072, 9676, 0, 0
17764, 5384, 13104, 9616, 0, 0
17825, 5308, 13024, 9424, 0, 0
17859, 5196, 13084, 9456, 0, 0
17885, 5252, 12964, 9680, 0, 0
17920, 5280, 13068, 9640, 0, 0
17944, 5076, 13112, 9796, 0, 0
17979, 5028, 13116, 9840, 0, 0
18004, 4948, 13156, 9724, 0, 0
18039, 4992, 13212, 9884, 0, 0
18064, 4980, 13236, 9852, 0, 0
18099, 4856, 13152, 9708, 0, 0
18124, 4912, 13204, 9720, 0, 0
18159, 4992, 13060, 9936, 0, 0
18185, 4972, 13052, 9732, 0, 0
18220, 5092, 13108, 9664, 0, 0
18244, 5076, 13092, 9936, 0, 0
18279, 5224, 12984, 9760, 0, 0
18305, 5280, 12976, 9716, 0, 0
18339, 5488, 12816, 9540, 0, 0
18364, 5344, 12972, 9596, 0, 0
18399, 5328, 13012, 9612, 0, 0
18424, 5264, 13116, 9628, 0, 0
18459, 5304, 13032, 9684, 0, 0
18485, 5280, 13004, 9728, 0, 0
18520, 5320, 12896, 9828, 0, 0
18544, 5192, 13004, 9696, 0, 0
18579, 5220, 12888, 9792, 0, 0
18605, 5236, 12912, 9788, 0, 0
18639, 5256, 12952, 9988, 0, 0
18664, 5292, 12956, 9952, 0, 0
18699, 5344, 13068, 9800, 0, 0
18724, 5348, 12952, 9812, 0, 0
18759, 5272, 12940, 9844, 0, 0
18824, 5324, 12928, 9856, 0, 0
18860, 5280, 13072, 9760, 0, 0
18884, 5292, 13032, 9948, 0, 0
18919, 5276, 13008, 9784, 0, 0
18945, 5168, 13052, 9784, 0, 0
18979, 5220, 13040, 9708, 0, 0
19004, 5264, 12972, 9912, 0, 0
19039, 5284, 12940, 9900, 0, 0
19064, 5316, 12852, 9884, 0, 0
19099, 5284, 12752, 9908, 0, 0
19125, 5276, 12848, 9928, 0, 0
19160, 5184, 12956, 9920, 0, 0
19184, 5200, 12976, 9896, 0, 0
19219, 5244, 12916, 9896, 0, 0
19245, 5200, 12936, 10000, 0, 0
19279, 5128, 12824, 9812, 0, 0
19304, 5284, 12888, 9700, 0, 0
19339, 5520, 12852, 9916, 0, 0
19364, 5100, 13000, 9872, 0, 0
19399, 5116, 13044, 9880, 0, 0
19425, 5124, 13116, 9868, 0, 0
19459, 5244, 13036, 9816, 0, 0
19484, 5264, 12896, 9864, 0, 0
19519, 5424, 12900, 9812, 0, 0
19545, 5212, 12848, 9744, 0, 0
19579, 5308, 12816, 9892, 0, 0
19618, 5212, 12928, 9968, 0, 0
19646, 5280, 12864, 10128, 0, 0
19679, 5256, 13004, 9956, 0, 0
19707, 5328, 12904, 9896, 0, 0
19739, 5388, 12888, 9940, 0, 0
19804, 5252, 12916, 9732, 0, 0
19840, 5184, 12996, 9824, 0, 0
19867, 5144, 13060, 9544, 0, 0
19899, 5260, 13136, 9608, 0, 0
19928, 5168, 13136, 9716, 0, 0
19959, 5104, 13132, 9836, 0, 0
19987, 5176, 13060, 9792, 0, 0
20019, 5192, 13004, 10004, 0, 0
20047, 5156, 12924, 9828, 0, 0
20079, 4960, 13004, 9864, 0, 0
20108, 5040, 12860, 9896, 0, 0
20139, 4988, 12944, 10000, 0, 0
20167, 5048, 12812, 9992, 0, 0
20199, 5216, 12700, 10108, 0, 0
20228, 5212, 12660, 10048, 0, 0
20259, 5192, 12880, 9844, 0, 0
20287, 5288, 12776, 9896, 0, 0
20319, 5196, 12796, 9756, 0, 0
20347, 5424, 12720, 9768, 0, 0
20379, 5388, 12904, 9944, 0, 0
20408, 5268, 13004, 10044, 0, 0
20439, 5208, 12856, 9860, 0, 0
20467, 5240, 12840, 10040, 0, 0
20499, 5252, 12956, 9812, 0, 0
20528, 5192, 12928, 9976, 0, 0
20559, 5184, 12836, 10084, 0, 0
20587, 5160, 12764, 10000, 0, 0
20619, 5164, 12900, 9832, 0, 0
20647, 5244, 12880, 10188, 0, 0
20679, 5064, 12952, 10044, 0, 0
20707, 5216, 12928, 9984, 0, 0
20777, 5260, 12968, 9872, 0, 0
20808, 5176, 13092, 9912, 0, 0
20839, 5264, 13076, 9952, 0, 0
20868, 5072, 13088, 9748, 0, 0
20899, 5112, 13212, 9780, 0, 0
20927, 5228, 13124, 9920, 0, 0
20959, 5176, 13132, 10020, 0, 0
20987, 5088, 13132, 9836, 0, 0
21019, 5252, 13160, 9720, 0, 0
21047, 5364, 13076, 9584, 0, 0
21079, 5352, 13012, 9640, 0, 0
21107, 5376, 12916, 9636, 0, 0
21139, 5352, 12784, 9720, 0, 0
21168, 5500, 12712, 9684, 0, 0
21199, 5404, 12768, 9664, 0, 0
21227, 5516, 12732, 9836, 0, 0
21259, 5220, 12752, 9804, 0, 0
21287, 5328, 12944, 9724, 0, 0
21319, 5472, 12844, 9788, 0, 0
21347, 5428, 12992, 9712, 0, 0
21379, 5216, 13256, 9648, 0, 0
21407, 5200, 13088, 9560, 0, 0
21439, 5204, 13156, 9672, 0, 0
21468, 5396, 13040, 9728, 0, 0
21499, 5248, 12860, 9680, 0, 0
21527, 5324, 12856, 9648, 0, 0
21559, 5316, 12772, 9916, 0, 0
21587, 5464, 12972, 9852, 0, 0
21619, 5184, 13320, 9968, 0, 0
21647, 5088, 13300, 9728, 0, 0
21679, 5396, 13192, 9608, 0, 0
21742, 5656, 12972, 9276, 0, 0
21779, 5516, 13148, 9544, 0, 0
21808, 5412, 13160, 9508, 0, 0
21839, 5432, 13152, 9616, 0, 0
21867, 5392, 13044, 9704, 0, 0
21899, 5408, 12948, 9796, 0, 0
21927, 5300, 13128, 9796, 0, 0
21959, 5376, 12912, 9796, 0, 0
21987, 5288, 12964, 9668, 0, 0
22019, 5300, 12900, 9796, 0, 0
22047, 5460, 12808, 9788, 0, 0
22079, 5436, 12828, 9848, 0, 0
22108, 5360, 12876, 9716, 0, 0
22139, 5360, 13012, 9616, 0, 0
22167, 5416, 13048, 9680, 0, 0
22199, 5444, 13172, 9588, 0, 0
22239, 5140, 13284, 9476, 0, 0
22267, 5328, 13244, 9464, 0, 0
22299, 5404, 13192, 9296, 0, 0
22328, 5516, 13164, 9460, 0, 0
22359, 5352, 13032, 9516, 0, 0
22387, 5460, 13096, 9708, 0, 0
22419, 5492, 13012, 9688, 0, 0
22448, 5324, 12968, 9792, 0, 0
22479, 5312, 12956, 9848, 0, 0
22507, 5328, 12852, 9680, 0, 0
22539, 5372, 12820, 9712, 0, 0
22567, 5440, 12824, 9728, 0, 0
22599, 5280, 12996, 9844, 0, 0
22627, 5112, 13072, 9900, 0, 0
22659, 5272, 12964, 9852, 0, 0
22687, 5276, 13100, 9668, 0, 0
22758, 5320, 13148, 9528, 0, 0
22786, 5220, 13112, 9476, 0, 0
22819, 5412, 13092, 9584, 0, 0
22847, 5456, 12944, 9588, 0, 0
22879, 5448, 13012, 9444, 0, 0
22907, 5476, 13148, 9528, 0, 0
22939, 5504, 12888, 9660, 0, 0
22967, 5356, 13184, 9616, 0, 0
22999, 5156, 13180, 9476, 0, 0
23027, 5328, 13128, 9412, 0, 0
23059, 5408, 13064, 9348, 0, 0
23088, 5344, 13080, 9592, 0, 0
23119, 5212, 13100, 9604, 0, 0
23147, 5192, 13224, 9572, 0, 0
23179, 5156, 13192, 9760, 0, 0
23207, 5244, 13104, 9560, 0, 0
23239, 5332, 13180, 9812, 0, 0
23267, 5352, 13092, 9628, 0, 0
23299, 5424, 13096, 9676, 0, 0
23327, 5360, 13100, 9748, 0, 0
23359, 5356, 13268, 9640, 0, 0
23388, 5412, 13112, 9588, 0, 0
23419, 5480, 13072, 9412, 0, 0
23447, 5568, 12920, 9576, 0, 0
23479, 5516, 12892, 9328, 0, 0
23507, 5524, 12956, 9364, 0, 0
23539, 5440, 13164, 9564, 0, 0
23567, 5388, 13108, 9716, 0, 0
23599, 5508, 13168, 9628, 0, 0
23630, 5492, 13144, 9564, 0, 0
23672, 5560, 13024, 9432, 0, 0
23741, 5536, 13060, 9468, 0, 0
23779, 5640, 12880, 9528, 0, 0
23811, 5552, 12876, 9596, 0, 0
23841, 5480, 13028, 9480, 0, 0
23879, 5396, 12864, 9628, 0, 0
23910, 5292, 12976, 9696, 0, 0
23942, 5396, 12968, 9860, 0, 0
23980, 5392, 13116, 9516, 0, 0
24010, 5360, 13060, 9560, 0, 0
24042, 5416, 13200, 9580, 0, 0
24079, 5428, 13100, 9664, 0, 0
24111, 5364, 13148, 9684, 0, 0
24141, 5336, 13100, 9712, 0, 0
24179, 5316, 13136, 9524, 0, 0
24210, 5404, 13140, 9608, 0, 0
24242, 5416, 12956, 9672, 0, 0
24279, 5416, 13060, 9420, 0, 0
24310, 5528, 12992, 9708, 0, 0
24342, 5332, 12856, 9752, 0, 0
24379, 5296, 13084, 9676, 0, 0
24411, 5316, 13024, 9716, 0, 0
24441, 5356, 13112, 9792, 0, 0
24479, 5312, 12960, 9820, 0, 0
24510, 5424, 13096, 9668, 0, 0
24542, 5316, 13000, 9656, 0, 0
24579, 5492, 12920, 9616, 0, 0
24610, 5324, 13072, 9540, 0, 0
24642, 5360, 13040, 9540, 0, 0
24679, 5412, 12956, 9624, 0, 0
24711, 5544, 13108, 9480, 0, 0
24741, 5312, 12964, 9736, 0, 0
24811, 5292, 13012, 9780, 0, 0
24846, 5252, 13016, 9696, 0, 0
24879, 5388, 12900, 9844, 0, 0
24910, 5316, 12936, 9984, 0, 0
24942, 5416, 13000, 9664, 0, 0
24979, 5332, 13064, 9856, 0, 0
25011, 5396, 13136, 9600, 0, 0
25041, 5576, 13100, 9596, 0, 0
25079, 5420, 12996, 9668, 0, 0
25110, 5300, 13200, 9640, 0, 0
25142, 5496, 13088, 9548, 0, 0
25179, 5480, 12916, 9564, 0, 0
25210, 5424, 12936, 9572, 0, 0
25242, 5388, 12884, 9800, 0, 0
25279, 5404, 13076, 9776, 0, 0
25311, 5232, 13012, 9768, 0, 0
25341, 5192, 13084, 9892, 0, 0
25379, 5224, 12988, 9992, 0, 0
25410, 5456, 12940, 9716, 0, 0
25442, 5440, 12896, 9708, 0, 0
25479, 5440, 13000, 9692, 0, 0
25510, 5452, 13108, 9640, 0, 0
25541, 5444, 12920, 9800, 0, 0
25579, 5548, 12888, 9476, 0, 0
25611, 5576, 12836, 9712, 0, 0
25641, 5492, 12856, 9700, 0, 0
25679, 5588, 12888, 9664, 0, 0
25710, 5340, 13024, 9908, 0, 0
25742, 5212, 13040, 9884, 0, 0
25779, 5172, 13056, 9956, 0, 0
25810, 5344, 13152, 9676, 0, 0
25881, 5148, 12832, 9932, 0, 0
25919, 5324, 12948, 9596, 0, 0
25951, 5244, 13080, 9632, 0, 0
25981, 5320, 12880, 9916, 0, 0
26019, 5320, 12852, 9804, 0, 0
26050, 5452, 12940, 9812, 0, 0
26082, 5320, 12964, 9840, 0, 0
26119, 5404, 12876, 9748, 0, 0
26150, 5488, 12924, 9716, 0, 0
26181, 5556, 12904, 9720, 0, 0
26219, 5412, 12924, 9600, 0, 0
26251, 5408, 12936, 9744, 0, 0
26281, 5336, 12896, 9796, 0, 0
26319, 5356, 12976, 9904, 0, 0
26350, 5228, 12948, 9716, 0, 0
26382, 5364, 13000, 9884, 0, 0
26419, 5264, 13092, 9724, 0, 0
26450, 5212, 13096, 9700, 0, 0
26481, 5376, 13040, 9668, 0, 0
26519, 5412, 13032, 9660, 0, 0
26551, 5476, 13044, 9660, 0, 0
26582, 5468, 12864, 9680, 0, 0
26619, 5420, 13108, 9576, 0, 0
26650, 5520, 13044, 9780, 0, 0
26682, 5420, 13016, 9764, 0, 0
26719, 5584, 12660, 9784, 0, 0
26750, 5468, 12824, 9648, 0, 0
26781, 5288, 13056, 9924, 0, 0
26819, 4916, 13072, 10136, 0, 0
26851, 4800, 13080, 9684, 0, 0
26885, 4884, 12940, 10116, 0, 0
26919, 4660, 13360, 10144, 0, 0
26989, 5412, 12732, 10252, 0, 0
27021, 5712, 12776, 9836, 0, 0
27059, 5860, 12176, 10028, 0, 0
27090, 5892, 11988, 9796, 0, 0
27121, 5864, 12424, 9512, 0, 0
27159, 5876, 12592, 9620, 0, 0
27191, 6028, 12488, 9936, 0, 0
27222, 6088, 12440, 10140, 0, 0
27259, 5792, 13068, 9876, 0, 0
27290, 5896, 13016, 9968, 0, 0
27322, 5988, 12884, 9896, 0, 0
27359, 6060, 13160, 9676, 0, 0
27390, 6208, 12836, 9596, 0, 0
27421, 6244, 12928, 9344, 0, 0
27459, 6156, 13084, 9308, 0, 0
27491, 6096, 13152, 9648, 0, 0
27522, 6052, 13184, 9600, 0, 0
27559, 6164, 12920, 9700, 0, 0
27590, 6236, 12816, 9492, 0, 0
27622, 6252, 12556, 9548, 0, 0
27659, 6180, 12644, 9756, 0, 0
27691, 6056, 12732, 9984, 0, 0
27721, 6056, 12700, 10020, 0, 0
27759, 5960, 13004, 9836, 0, 0
27790, 6172, 12664, 9844, 0, 0
27822, 6180, 12596, 9628, 0, 0
27859, 6328, 12404, 9424, 0, 0
27890, 6564, 12296, 9708, 0, 0
27922, 6340, 12872, 9620, 0, 0
27959, 6208, 13276, 9880, 0, 0
27991, 6260, 13348, 9648, 0, 0
28059, 6588, 12784, 9432, 0, 0
28099, 6344, 13048, 8992, 0, 0
28130, 6244, 13152, 8976, 0, 0
28162, 6316, 13124, 9080, 0, 0
28199, 6532, 12948, 9412, 0, 0
28230, 6596, 12708, 9420, 0, 0
28262, 6724, 12480, 9632, 0, 0
28299, 6412, 13000, 9240, 0, 0
28331, 6096, 13476, 9096, 0, 0
28361, 6260, 13088, 9192, 0, 0
28399, 6576, 12620, 9304, 0, 0
28431, 6436, 12484, 9136, 0, 0
28462, 6512, 12156, 9240, 0, 0
28499, 6348, 12400, 9500, 0, 0
28528, 5960, 12544, 9572, 0, 0
28559, 5992, 12604, 9936, 0, 0
28599, 5956, 12928, 9916, 0, 0
28631, 5844, 13072, 9980, 0, 0
28661, 5976, 13204, 9344, 0, 0
28699, 6172, 12936, 9436, 0, 0
28730, 5900, 13300, 9144, 0, 0
28762, 6224, 13072, 9264, 0, 0
28800, 6396, 13252, 9448, 0, 0
28830, 6004, 13340, 9552, 0, 0
28862, 6052, 13060, 9404, 0, 0
28899, 6296, 12784, 9284, 0, 0
28931, 6376, 12756, 9372, 0, 0
28961, 6240, 12812, 9344, 0, 0
28999, 5996, 13000, 9316, 0, 0
29030, 6152, 12720, 9796, 0, 0
29062, 5976, 12584, 9864, 0, 0
29127, 6044, 12652, 9904, 0, 0
29162, 5960, 12596, 9848, 0, 0
29199, 5632, 12768, 9648, 0, 0
29231, 5684, 12988, 9700, 0, 0
29261, 5672, 13048, 9700, 0, 0
29299, 5588, 13320, 9604, 0, 0
29330, 5572, 13476, 9612, 0, 0
29362, 5656, 13352, 9544, 0, 0
29399, 5716, 13476, 9468, 0, 0
29430, 5944, 13128, 9472, 0, 0
29462, 6176, 12920, 9532, 0, 0
29499, 6168, 12888, 9152, 0, 0
29531, 6016, 12732, 9372, 0, 0
29561, 6176, 12864, 9320, 0, 0
29599, 5976, 12832, 9504, 0, 0
29630, 6348, 12724, 9672, 0, 0
29662, 6316, 12680, 9748, 0, 0
29699, 6288, 12596, 9476, 0, 0
29730, 6160, 12640, 9312, 0, 0
29762, 6348, 12708, 9176, 0, 0
29799, 6232, 12752, 9500, 0, 0
29831, 5948, 12844, 9552, 0, 0
29861, 6036, 12952, 9640, 0, 0
29899, 6156, 12752, 9584, 0, 0
29930, 6284, 12484, 9568, 0, 0
29962, 5940, 12500, 9532, 0, 0
29999, 5792, 12684, 9688, 0, 0
30030, 5524, 12936, 9720, 0, 0
30062, 5468, 13368, 9836, 0, 0
30099, 5684, 12960, 9936, 0, 0
30131, 5320, 13164, 9892, 0, 0
30196, 4948, 13680, 9348, 0, 0
30231, 5364, 13232, 9440, 0, 0
30262, 6020, 12420, 9720, 0, 0
30313, 5352, 12180, 10124, 0, 0
30345, 5600, 12224, 10176, 0, 0
30380, 5296, 12200, 10188, 0, 0
30410, 5184, 12456, 10144, 0, 0
30442, 5100, 12440, 10792, 0, 0
30479, 4884, 12760, 10348, 0, 0
30511, 5148, 12628, 10476, 0, 0
30541, 5176, 12768, 10000, 0, 0
30579, 5056, 12804, 9956, 0, 0
30610, 4788, 12988, 9740, 0, 0
30642, 4732, 13312, 9736, 0, 0
30679, 4836, 13164, 9712, 0, 0
30710, 4884, 13012, 10008, 0, 0
30742, 4820, 13072, 10072, 0, 0
30779, 4868, 13044, 10272, 0, 0
30811, 5016, 12924, 10292, 0, 0
30841, 5096, 12768, 10288, 0, 0
30879, 5240, 12744, 10404, 0, 0
30910, 5344, 12584, 10432, 0, 0
30942, 5412, 12292, 10308, 0, 0
30979, 5332, 12268, 10288, 0, 0
31010, 5136, 12272, 10196, 0, 0
31042, 5268, 12504, 10248, 0, 0
31079, 4976, 12788, 10328, 0, 0
31111, 4996, 12728, 10436, 0, 0
31141, 4876, 12908, 10220, 0, 0
31179, 4836, 13004, 10128, 0, 0
31210, 4912, 13020, 10240, 0, 0
31242, 5004, 13092, 10340, 0, 0
31310, 4964, 12848, 9984, 0, 0
31341, 5052, 12880, 10128, 0, 0
31379, 5084, 12848, 10264, 0, 0
31411, 5032, 12956, 10064, 0, 0
31441, 4932, 13096, 10020, 0, 0
31479, 4988, 13044, 10152, 0, 0
31510, 5068, 12808, 10140, 0, 0
31542, 5128, 12808, 10132, 0, 0
31579, 5204, 12808, 10080, 0, 0
31610, 5308, 12712, 10012, 0, 0
31641, 5416, 12640, 9944, 0, 0
31679, 5568, 12488, 9972, 0, 0
31711, 5608, 12432, 9880, 0, 0
31745, 5596, 12552, 9896, 0, 0
31779, 5648, 12588, 9800, 0, 0
31810, 5524, 12636, 9760, 0, 0
31842, 5368, 12624, 9832, 0, 0
31879, 5432, 12784, 9904, 0, 0
31910, 5264, 13032, 9784, 0, 0
31941, 5244, 12912, 9916, 0, 0
31979, 5068, 13072, 9764, 0, 0
32011, 5100, 13232, 9852, 0, 0
32041, 5240, 13040, 10032, 0, 0
32079, 4980, 13244, 9984, 0, 0
32110, 5044, 13116, 9824, 0, 0
32142, 5172, 13040, 9924, 0, 0
32179, 5268, 12864, 9836, 0, 0
32210, 5172, 12784, 9876, 0, 0
32241, 5232, 12748, 9976, 0, 0
32279, 5440, 12700, 10060, 0, 0
32311, 5404, 12848, 10048, 0, 0
32374, 5376, 12868, 9696, 0, 0
32408, 5432, 12992, 9728, 0, 0
32440, 5480, 12900, 9720, 0, 0
32479, 5560, 12844, 9632, 0, 0
32514, 5644, 12844, 9756, 0, 0
32545, 5872, 12652, 9712, 0, 0
32579, 5892, 12568, 9492, 0, 0
32610, 5336, 13012, 9296, 0, 0
32642, 5096, 13348, 9472, 0, 0
32679, 4796, 13288, 9792, 0, 0
32710, 4772, 13160, 10132, 0, 0
32742, 4904, 13040, 10268, 0, 0
32779, 5056, 12836, 10320, 0, 0
32811, 5024, 12848, 10024, 0, 0
32841, 4948, 13060, 9752, 0, 0
32879, 5360, 12668, 10072, 0, 0
32910, 5204, 12984, 9880, 0, 0
32942, 4848, 13216, 9996, 0, 0
32979, 5244, 13092, 9912, 0, 0
33010, 5416, 12724, 9904, 0, 0
33042, 5568, 12844, 9748, 0, 0
33079, 5680, 12616, 9476, 0, 0
33111, 5840, 12592, 9632, 0, 0
33141, 5744, 12728, 9588, 0, 0
33179, 5604, 12916, 9464, 0, 0
33210, 5580, 12916, 9528, 0, 0
33242, 5540, 12828, 9576, 0, 0
33280, 5520, 12968, 9648, 0, 0
33313, 5276, 13108, 9760, 0, 0
33345, 5320, 13144, 9696, 0, 0
33379, 5268, 13084, 9832, 0, 0
33411, 5312, 13136, 9864, 0, 0
33481, 5348, 13080, 9948, 0, 0
33519, 5496, 12832, 9876, 0, 0
33550, 5560, 12872, 9852, 0, 0
33582, 5436, 12952, 9804, 0, 0
33619, 5408, 12908, 9780, 0, 0
33650, 5384, 12848, 9756, 0, 0
33682, 5324, 12956, 9836, 0, 0
33719, 5244, 13076, 9668, 0, 0
33751, 5280, 13004, 9872, 0, 0
33781, 5240, 13016, 9744, 0, 0
33819, 5084, 13044, 9832, 0, 0
33850, 5160, 13080, 9888, 0, 0
33882, 5332, 12844, 9900, 0, 0
33920, 5420, 12736, 9748, 0, 0
33950, 5504, 12900, 9672, 0, 0
33982, 5448, 12760, 9584, 0, 0
34019, 5620, 12820, 9692, 0, 0
34051, 5508, 12816, 9736, 0, 0
34081, 5472, 12824, 9724, 0, 0
34119, 5408, 12748, 9928, 0, 0
34150, 5560, 12900, 9736, 0, 0
34182, 5392, 12936, 9932, 0, 0
34220, 5348, 12888, 9792, 0, 0
34250, 5280, 13056, 9932, 0, 0
34282, 5336, 12980, 9828, 0, 0
34319, 5164, 12880, 10024, 0, 0
34351, 5388, 13060, 9704, 0, 0
34381, 5456, 12992, 9848, 0, 0
34419, 5276, 12968, 9824, 0, 0
34450, 5396, 12984, 9720, 0, 0
34482, 5480, 12964, 9740, 0, 0
34546, 5476, 12896, 9784, 0, 0
34581, 5444, 12912, 9628, 0, 0
34619, 5560, 12752, 9772, 0, 0
34651, 5420, 12844, 9836, 0, 0
34681, 5500, 12884, 10108, 0, 0
34719, 5504, 12880, 10084, 0, 0
34750, 5516, 12972, 9776, 0, 0
34782, 5528, 12904, 9792, 0, 0
34819, 5416, 12928, 9388, 0, 0
34850, 5844, 12624, 9528, 0, 0
34881, 5800, 12840, 9688, 0, 0
34919, 5188, 13196, 9668, 0, 0
34954, 5196, 13212, 9752, 0, 0
34984, 5596, 12996, 9548, 0, 0
35019, 5568, 12756, 9520, 0, 0
35050, 5332, 12996, 9696, 0, 0
35082, 5344, 13132, 9692, 0, 0
35119, 5252, 12972, 9624, 0, 0
35150, 5292, 12996, 9540, 0, 0
35181, 5316, 13004, 9632, 0, 0
35219, 5256, 12656, 9704, 0, 0
35251, 5320, 12724, 10020, 0, 0
35281, 5336, 12808, 10020, 0, 0
35319, 5180, 12808, 10104, 0, 0
35350, 5176, 12860, 9956, 0, 0
35382, 5296, 12932, 10124, 0, 0
35419, 5016, 13264, 9816, 0, 0
35450, 4996, 13264, 9928, 0, 0
35481, 5092, 13260, 10044, 0, 0
35519, 5756, 15716, 9716, 0, 0
35551, 4064, 13524, 10048, 0, 0
35581, 5204, 12512, 10168, 0, 0
35650, 4988, 12040, 10388, 0, 0
35681, 4808, 12156, 10768, 0, 0
35719, 4436, 11988, 10560, 0, 0
35750, 4404, 12188, 10472, 0, 0
35781, 4724, 11700, 11256, 0, 0
35819, 4396, 11712, 11428, 0, 0
35851, 4504, 11696, 11084, 0, 0
35881, 4340, 11804, 11324, 0, 0
35919, 4552, 11708, 11224, 0, 0
35950, 4400, 11624, 11508, 0, 0
35982, 4304, 11940, 10784, 0, 0
36019, 4536, 11364, 11236, 0, 0
36050, 4564, 11600, 11776, 0, 0
36081, 4456, 11432, 11624, 0, 0
36119, 4364, 11580, 11652, 0, 0
36151, 4464, 11528, 11196, 0, 0
36182, 4224, 11780, 12060, 0, 0
36219, 4188, 11416, 12076, 0, 0
36250, 4144, 11860, 11804, 0, 0
36282, 4092, 11608, 11924, 0, 0
36319, 4060, 12480, 11264, 0, 0
36350, 4432, 11380, 12128, 0, 0
36381, 4480, 11764, 11860, 0, 0
36419, 4224, 11460, 12088, 0, 0
36450, 4512, 11376, 11544, 0, 0
36482, 4540, 11684, 11108, 0, 0
36527, 4664, 11764, 11764, 0, 0
36559, 4328, 11484, 11644, 0, 0
36590, 4688, 11324, 11992, 0, 0
36622, 4960, 11264, 11704, 0, 0
36659, 4644, 11260, 11656, 0, 0
36728, 4380, 11548, 12148, 0, 0
36759, 4292, 11284, 11968, 0, 0
36799, 3736, 11560, 11848, 0, 0
36831, 4196, 11228, 11584, 0, 0
36861, 4256, 11000, 11748, 0, 0
36899, 4168, 11192, 11984, 0, 0
36944, 4144, 11308, 11944, 0, 0
36979, 4296, 11464, 11572, 0, 0
37010, 4432, 11060, 11584, 0, 0
37042, 4344, 11392, 11648, 0, 0
37079, 4240, 11640, 11752, 0, 0
37110, 4248, 11572, 11548, 0, 0
37142, 4352, 11652, 11468, 0, 0
37179, 4216, 11540, 11676, 0, 0
37211, 4264, 11544, 11600, 0, 0
37241, 4140, 11548, 11800, 0, 0
37279, 4392, 11396, 11588, 0, 0
37310, 4280, 11376, 11908, 0, 0
37342, 4444, 11504, 11692, 0, 0
37379, 4304, 11516, 11764, 0, 0
37410, 4132, 11764, 11860, 0, 0
37442, 4188, 11660, 11572, 0, 0
37479, 4232, 11672, 11812, 0, 0
37511, 4216, 11548, 11988, 0, 0
37541, 4312, 11604, 11632, 0, 0
37579, 4264, 11500, 11512, 0, 0
37610, 4348, 11656, 11688, 0, 0
37642, 4284, 11620, 11864, 0, 0
37679, 4308, 11468, 11732, 0, 0
37710, 4164, 11752, 11584, 0, 0
37742, 4504, 11700, 11444, 0, 0
37779, 4552, 11336, 11480, 0, 0
37851, 4372, 11596, 11820, 1, 0
37881, 4144, 12008, 11508, 1, 0
37919, 4440, 11776, 11972, 1, 0
37950, 4448, 11632, 11964, 1, 0
