121313, 13960, -9576, 3488, 0, 0
121353, 13216, -9328, 3744, 0, 0
121381, 13584, -9452, 4908, 0, 0
121419, 13900, -9372, 4728, 0, 0
121448, 14756, -9560, 3960, 0, 0
121479, 15036, -9988, 3716, 0, 0
121507, 14312, -9088, 3932, 0, 0
121539, 14472, -9228, 3632, 0, 0
121568, 14640, -9572, 3440, 0, 0
121600, 14408, -9032, 3488, 0, 0
121627, 14600, -9184, 3592, 0, 0
121659, 14804, -9412, 3540, 0, 0
121688, 14680, -9288, 4128, 0, 0
121719, 14624, -9312, 3708, 0, 0
121785, 14616, -9288, 3764, 0, 0
121819, 14540, -9056, 3588, 0, 0
121847, 14688, -9116, 3524, 0, 0
121879, 14720, -9428, 4072, 0, 0
121908, 14604, -9256, 3504, 0, 0
121939, 14456, -9088, 3664, 0, 0
121967, 14432, -9020, 3516, 0, 0
121999, 14536, -9232, 3916, 0, 0
122028, 14736, -9436, 3792, 0, 0
122059, 14656, -9192, 3736, 0, 0
122087, 14520, -9284, 3684, 0, 0
122119, 14484, -9164, 3776, 0, 0
122147, 14568, -9412, 3496, 0, 0
122179, 14716, -9316, 3752, 0, 0
122208, 14448, -9344, 3656, 0, 0
122240, 14116, -9056, 3436, 0, 0
122267, 14416, -8964, 3668, 0, 0
122299, 15060, -9472, 4488, 0, 0
122331, 15040, -9156, 4400, 0, 0
122359, 14376, -9160, 4068, 0, 0
122399, 14492, -9188, 3640, 0, 0
122428, 14632, -9268, 3664, 0, 0
122459, 14660, -9244, 3540, 0, 0
122487, 14600, -9380, 3908, 0, 0
122519, 14368, -9112, 4032, 0, 0
122548, 14536, -9208, 3752, 0, 0
122579, 14616, -9300, 3724, 0, 0
122607, 14608, -9296, 3608, 0, 0
122639, 14624, -9188, 3704, 0, 0
122668, 14604, -9344, 3796, 0, 0
122699, 14592, -9140, 3744, 0, 0
122767, 14628, -9076, 3696, 0, 0
122799, 14764, -9308, 3996, 0, 0
122830, 14676, -9192, 3696, 0, 0
122859, 14532, -9056, 3624, 0, 0
122899, 14664, -9196, 3716, 0, 0
122928, 14580, -9252, 3760, 0, 0
122959, 14560, -9088, 3660, 0, 0
122987, 14708, -9384, 3780, 0, 0
123019, 14568, -9108, 3816, 0, 0
123047, 14580, -9212, 3668, 0, 0
123079, 14632, -9136, 3688, 0, 0
123108, 14676, -9128, 3688, 0, 0
123139, 14620, -9260, 3572, 0, 0
123167, 14692, -9172, 3564, 0, 0
123199, 14880, -9172, 3628, 0, 0
123228, 14620, -9128, 3600, 0, 0
123259, 14592, -9072, 3752, 0, 0
123287, 14704, -8992, 3904, 0, 0
123319, 14988, -9380, 3632, 0, 0
123347, 14652, -8960, 3884, 0, 0
123379, 14576, -9076, 3656, 0, 0
123408, 14860, -9052, 3568, 0, 0
123439, 14776, -9128, 3632, 0, 0
123467, 14716, -9124, 3640, 0, 0
123499, 14736, -9024, 3584, 0, 0
123528, 14704, -9136, 3596, 0, 0
123559, 14676, -9104, 3580, 0, 0
123587, 14668, -9100, 3552, 0, 0
123619, 14840, -9104, 3732, 0, 0
123648, 14760, -9240, 3708, 0, 0
123679, 14512, -8956, 3720, 0, 0
123742, 14708, -9016, 3420, 0, 0
123779, 14848, -9176, 3532, 0, 0
123807, 14768, -8888, 3628, 0, 0
123839, 14764, -9196, 3452, 0, 0
123868, 14732, -9220, 3452, 0, 0
123899, 14768, -9076, 3576, 0, 0
123927, 14764, -9136, 3548, 0, 0
123959, 14752, -9112, 3404, 0, 0
123987, 14784, -9080, 3664, 0, 0
124019, 14808, -9100, 3456, 0, 0
124048, 14752, -9204, 3432, 0, 0
124079, 14688, -9076, 3424, 0, 0
124107, 14676, -9100, 3568, 0, 0
124139, 14884, -9236, 3628, 0, 0
124168, 14844, -9104, 3488, 0, 0
124199, 14688, -9044, 3548, 0, 0
124227, 14672, -8940, 3524, 0, 0
124259, 14748, -9044, 3528, 0, 0
124291, 14876, -9220, 3616, 0, 0
124319, 14752, -9156, 3516, 0, 0
124359, 14792, -9080, 3568, 0, 0
124388, 14784, -9064, 3636, 0, 0
124419, 14736, -9132, 3492, 0, 0
124447, 14852, -9104, 3444, 0, 0
124479, 14724, -9088, 3436, 0, 0
124508, 14836, -9140, 3552, 0, 0
124539, 14796, -9136, 3492, 0, 0
124567, 14644, -9008, 3480, 0, 0
124599, 14736, -9108, 3424, 0, 0
124627, 14740, -9168, 3460, 0, 0
124659, 14868, -9172, 3540, 0, 0
124688, 14700, -9048, 3652, 0, 0
124755, 14952, -9144, 3520, 0, 0
124784, 14616, -9060, 3360, 0, 0
124819, 14700, -9020, 3640, 0, 0
124848, 14964, -9052, 3492, 0, 0
124879, 14828, -9020, 3476, 0, 0
124907, 14820, -9132, 3376, 0, 0
124939, 14776, -8980, 3504, 0, 0
124967, 14840, -9052, 3440, 0, 0
124999, 14832, -9044, 3580, 0, 0
125028, 14744, -9108, 3540, 0, 0
125059, 14816, -9044, 3464, 0, 0
125087, 14776, -9072, 3472, 0, 0
125119, 14784, -9156, 3556, 0, 0
125148, 14784, -9072, 3568, 0, 0
125179, 14828, -9108, 3464, 0, 0
125207, 14808, -9008, 3464, 0, 0
125239, 14924, -9132, 3480, 0, 0
125267, 14688, -8968, 3512, 0, 0
125299, 14632, -9044, 3428, 0, 0
125328, 14956, -9048, 3424, 0, 0
125359, 14632, -8852, 3524, 0, 0
125387, 14848, -9060, 3340, 0, 0
125419, 14752, -8960, 3272, 0, 0
125448, 14824, -9208, 3360, 0, 0
125479, 14764, -9076, 3520, 0, 0
125507, 14724, -9044, 3556, 0, 0
125539, 14804, -8992, 3500, 0, 0
125568, 14796, -9104, 3460, 0, 0
125599, 14844, -9136, 3628, 0, 0
125628, 14628, -9092, 3480, 0, 0
125659, 14912, -9172, 3556, 0, 0
125725, 14752, -9008, 3360, 0, 0
125759, 14872, -9128, 3472, 0, 0
125788, 14836, -9008, 3488, 0, 0
125819, 14704, -9080, 3536, 0, 0
125847, 14968, -9024, 3436, 0, 0
125879, 14752, -9056, 3420, 0, 0
125907, 14696, -8928, 3592, 0, 0
125939, 14812, -9096, 3248, 0, 0
125968, 14828, -9212, 3544, 0, 0
125999, 14788, -8964, 3424, 0, 0
126027, 14892, -9124, 3308, 0, 0
126059, 14848, -9072, 3448, 0, 0
126088, 14872, -9112, 3376, 0, 0
126119, 14784, -8940, 3472, 0, 0
126147, 14800, -9144, 3392, 0, 0
126179, 14756, -9028, 3564, 0, 0
126208, 14820, -9072, 3424, 0, 0
126239, 14740, -9084, 3456, 0, 0
126268, 14896, -9112, 3472, 0, 0
126299, 14820, -9144, 3436, 0, 0
126327, 14748, -8936, 3332, 0, 0
126363, 14804, -9004, 3440, 0, 0
126399, 14836, -9108, 3500, 0, 0
126428, 14676, -9064, 3404, 0, 0
126459, 14772, -9024, 3460, 0, 0
126487, 14848, -9052, 3548, 0, 0
126519, 14960, -9120, 3400, 0, 0
126547, 14816, -8988, 3376, 0, 0
126579, 14704, -9020, 3352, 0, 0
126608, 14824, -9072, 3720, 0, 0
126639, 15004, -9152, 3380, 0, 0
126667, 14812, -9068, 3320, 0, 0
126736, 14760, -9152, 3424, 0, 0
126764, 14792, -9100, 3488, 0, 0
126799, 14768, -9104, 3436, 0, 0
126827, 14940, -8996, 3480, 0, 0
126859, 14912, -9096, 3332, 0, 0
126887, 14740, -8984, 3404, 0, 0
126919, 14764, -9024, 3476, 0, 0
126948, 14876, -9044, 3456, 0, 0
126979, 14832, -9120, 3396, 0, 0
127007, 14800, -9088, 3504, 0, 0
127039, 14676, -9076, 3408, 0, 0
127068, 14864, -9032, 3496, 0, 0
127099, 14876, -8976, 3396, 0, 0
127127, 14788, -9016, 3500, 0, 0
127159, 14792, -9100, 3588, 0, 0
127187, 14792, -9040, 3412, 0, 0
127219, 14832, -8996, 3556, 0, 0
127259, 14944, -9152, 3516, 0, 0
127288, 14752, -8896, 3368, 0, 0
127319, 14804, -9068, 3340, 0, 0
127347, 14880, -9040, 3320, 0, 0
127379, 14736, -9204, 3364, 0, 0
127408, 14744, -9004, 3464, 0, 0
127439, 14700, -9016, 3592, 0, 0
127467, 14864, -9044, 3572, 0, 0
127499, 14908, -9016, 3464, 0, 0
127527, 14960, -9140, 3576, 0, 0
127559, 14756, -8952, 3468, 0, 0
127588, 14904, -9104, 3340, 0, 0
127619, 14872, -9144, 3540, 0, 0
127647, 14860, -9068, 3384, 0, 0
127713, 14708, -9004, 3344, 0, 0
127741, 14748, -9152, 3512, 0, 0
127779, 14840, -9072, 3420, 0, 0
127808, 14900, -9092, 3560, 0, 0
127839, 14772, -9068, 3496, 0, 0
127867, 14836, -9104, 3536, 0, 0
127899, 14784, -9096, 3392, 0, 0
127928, 14852, -9052, 3612, 0, 0
127959, 14740, -9016, 3448, 0, 0
127987, 14768, -9032, 3352, 0, 0
128019, 14860, -9112, 3420, 0, 0
128048, 14708, -8956, 3432, 0, 0
128079, 14744, -8996, 3512, 0, 0
128107, 14924, -9180, 3432, 0, 0
128139, 14728, -9040, 3448, 0, 0
128167, 14704, -8912, 3480, 0, 0
128199, 14740, -9020, 3440, 0, 0
128228, 14840, -9076, 3412, 0, 0
128259, 14772, -9024, 3464, 0, 0
128287, 14668, -8964, 3496, 0, 0
128319, 14852, -8932, 3624, 0, 0
128348, 15048, -9220, 3540, 0, 0
128379, 14780, -9064, 3456, 0, 0
128419, 14676, -8844, 3540, 0, 0
128447, 14924, -9216, 3408, 0, 0
128479, 14724, -9100, 3548, 0, 0
128507, 14732, -9048, 3392, 0, 0
128539, 14840, -9136, 3428, 0, 0
128568, 14848, -9008, 3552, 0, 0
128599, 14784, -8936, 3464, 0, 0
128627, 14812, -9096, 3432, 0, 0
128700, 14744, -8912, 3564, 0, 0
128739, 14880, -9104, 3308, 0, 0
128768, 14884, -9164, 3552, 0, 0
128799, 14804, -9040, 3644, 0, 0
128828, 14736, -8980, 3548, 0, 0
128859, 14960, -9128, 3616, 0, 0
128887, 14848, -8888, 3588, 0, 0
128919, 14844, -8940, 3444, 0, 0
128948, 14876, -8984, 3452, 0, 0
128979, 14876, -9112, 3524, 0, 0
129007, 14724, -9016, 3588, 0, 0
129039, 14680, -9004, 3648, 0, 0
129068, 14816, -8976, 3528, 0, 0
129099, 14960, -9124, 3532, 0, 0
129128, 14820, -8988, 3508, 0, 0
129159, 14684, -9016, 3572, 0, 0
129187, 14916, -8988, 3436, 0, 0
129219, 14992, -9036, 3628, 0, 0
129248, 14776, -9084, 3608, 0, 0
129280, 14844, -8952, 3580, 0, 0
129307, 14748, -9092, 3572, 0, 0
129339, 14712, -8980, 3576, 0, 0
129368, 14896, -9040, 3388, 0, 0
129399, 14840, -9132, 3688, 0, 0
129427, 14740, -9024, 3528, 0, 0
129459, 14840, -8888, 3508, 0, 0
129487, 14892, -9156, 3512, 0, 0
129519, 14880, -9036, 3492, 0, 0
129548, 14736, -9052, 3404, 0, 0
129580, 14848, -8860, 3452, 0, 0
129607, 14788, -9164, 3620, 0, 0
129639, 14864, -9184, 3348, 0, 0
129705, 14828, -9000, 3480, 0, 0
129739, 14844, -9144, 3616, 0, 0
129768, 14792, -8992, 3624, 0, 0
129799, 14868, -9084, 3536, 0, 0
129827, 14908, -9052, 3564, 0, 0
129859, 14772, -9000, 3536, 0, 0
129888, 14816, -9144, 3524, 0, 0
129920, 14820, -9068, 3512, 0, 0
129947, 14776, -8996, 3612, 0, 0
129979, 14792, -9104, 3484, 0, 0
130008, 14800, -9052, 3536, 0, 0
130039, 15000, -9104, 3672, 0, 0
130067, 14840, -9032, 3608, 0, 0
130099, 14620, -8988, 3344, 0, 0
130127, 14856, -9076, 3548, 0, 0
130159, 14984, -8972, 3476, 0, 0
130199, 14772, -8872, 3380, 0, 0
130228, 14840, -9112, 3572, 0, 0
130259, 14920, -9124, 3472, 0, 0
130287, 14804, -9084, 3448, 0, 0
130319, 14788, -9024, 3436, 0, 0
130348, 14796, -9004, 3664, 0, 0
130379, 14804, -9072, 3560, 0, 0
130411, 14768, -8976, 3472, 0, 0
130440, 14840, -9044, 3460, 0, 0
130479, 14852, -9044, 3556, 0, 0
130507, 14788, -8976, 3484, 0, 0
130539, 14772, -8984, 3472, 0, 0
130568, 14904, -9036, 3608, 0, 0
130599, 14808, -8892, 3432, 0, 0
130627, 14820, -9004, 3588, 0, 0
130695, 14864, -9052, 3540, 0, 0
130722, 14976, -9100, 3388, 0, 0
130759, 14936, -9000, 3460, 0, 0
130788, 14744, -8972, 3420, 0, 0
130819, 14920, -9020, 3476, 0, 0
130847, 14776, -8976, 3372, 0, 0
130879, 14816, -9112, 3440, 0, 0
130908, 14892, -9000, 3444, 0, 0
130939, 14816, -9104, 3572, 0, 0
130967, 14960, -9068, 3508, 0, 0
130999, 14760, -8968, 3428, 0, 0
131027, 14708, -9040, 3456, 0, 0
131059, 14932, -9048, 3272, 0, 0
131088, 14888, -9084, 3536, 0, 0
131119, 14896, -8964, 3388, 0, 0
131147, 14792, -9040, 3572, 0, 0
131179, 14864, -8984, 3520, 0, 0
131208, 14916, -8984, 3420, 0, 0
131239, 14872, -9060, 3524, 0, 0
131267, 14816, -9092, 3496, 0, 0
131299, 14768, -8952, 3372, 0, 0
131328, 14832, -8992, 3488, 0, 0
131359, 14988, -9012, 3484, 0, 0
131388, 14752, -8948, 3404, 0, 0
131419, 14776, -8984, 3492, 0, 0
131447, 14864, -9100, 3340, 0, 0
131479, 14720, -9044, 3468, 0, 0
131508, 14872, -8956, 3496, 0, 0
131539, 14956, -9048, 3592, 0, 0
131567, 14668, -9056, 3324, 0, 0
131599, 14772, -8964, 3444, 0, 0
131666, 14928, -9080, 3480, 0, 0
131699, 14808, -8988, 3476, 0, 0
131728, 14856, -8968, 3368, 0, 0
131759, 14916, -9056, 3388, 0, 0
131787, 14740, -9060, 3416, 0, 0
131819, 14740, -8976, 3560, 0, 0
131848, 14940, -9088, 3380, 0, 0
131879, 14868, -9036, 3388, 0, 0
131907, 14824, -9016, 3408, 0, 0
131939, 14744, -9108, 3508, 0, 0
131968, 14828, -9044, 3516, 0, 0
131999, 14832, -9000, 3444, 0, 0
132028, 14740, -9076, 3552, 0, 0
132059, 14792, -9204, 3604, 0, 0
132087, 14792, -8984, 3332, 0, 0
132119, 14840, -9116, 3400, 0, 0
132148, 14884, -9076, 3300, 0, 0
132179, 14812, -8936, 3416, 0, 0
132207, 14968, -9108, 3416, 0, 0
132239, 14972, -9116, 3452, 0, 0
132268, 14860, -9136, 3412, 0, 0
132299, 14856, -9028, 3468, 0, 0
132328, 14784, -9020, 3432, 0, 0
132359, 14832, -9092, 3388, 0, 0
132387, 14764, -9060, 3556, 0, 0
132429, 14912, -9104, 3444, 0, 0
132459, 14920, -9072, 3404, 0, 0
132488, 14832, -8948, 3444, 0, 0
132519, 14856, -9060, 3436, 0, 0
132547, 14836, -9088, 3504, 0, 0
132579, 15016, -9116, 3444, 0, 0
132608, 14708, -9012, 3468, 0, 0
132675, 14844, -9024, 3440, 0, 0
132703, 14696, -8940, 3432, 0, 0
132739, 14868, -8992, 3396, 0, 0
132767, 14844, -9036, 3340, 0, 0
132799, 14684, -9068, 3392, 0, 0
132828, 14796, -8956, 3484, 0, 0
132859, 14852, -9096, 3352, 0, 0
132887, 14852, -8904, 3440, 0, 0
132919, 14884, -8972, 3356, 0, 0
132947, 14828, -9108, 3480, 0, 0
132979, 14856, -8960, 3448, 0, 0
133008, 14888, -9048, 3444, 0, 0
133039, 14824, -9068, 3376, 0, 0
133067, 14868, -9096, 3532, 0, 0
133109, 14852, -8944, 3484, 0, 0
133141, 14776, -9036, 3424, 0, 0
133179, 14804, -9048, 3400, 0, 0
133211, 14836, -9108, 3428, 0, 0
133242, 14776, -9004, 3472, 0, 0
133279, 14808, -8988, 3412, 0, 0
133311, 14724, -9060, 3436, 0, 0
133342, 14832, -8968, 3356, 0, 0
133379, 14832, -9020, 3428, 0, 0
133410, 14828, -9036, 3432, 0, 0
133442, 14840, -9160, 3456, 0, 0
133479, 14728, -9072, 3544, 0, 0
133511, 14840, -8956, 3484, 0, 0
133542, 14792, -9028, 3484, 0, 0
133579, 14812, -9100, 3580, 0, 0
133611, 14728, -9072, 3460, 0, 0
133642, 14888, -9056, 3384, 0, 0
133711, 14828, -9040, 3476, 0, 0
133742, 14840, -9072, 3452, 0, 0
133779, 14892, -9044, 3504, 0, 0
133811, 14828, -9016, 3496, 0, 0
133841, 14796, -9020, 3452, 0, 0
133879, 14844, -9076, 3672, 0, 0
133910, 14760, -9012, 3656, 0, 0
133942, 14760, -9012, 3308, 0, 0
133979, 14736, -9152, 3360, 0, 0
134010, 14804, -9132, 3376, 0, 0
134042, 14768, -9040, 3456, 0, 0
134079, 14732, -9068, 3624, 0, 0
134111, 14920, -9004, 3400, 0, 0
134141, 14880, -9112, 3324, 0, 0
134179, 14748, -9016, 3540, 0, 0
134210, 14708, -8976, 3512, 0, 0
134242, 14752, -9100, 3484, 0, 0
134279, 14788, -9076, 3416, 0, 0
134310, 14812, -9080, 3380, 0, 0
134342, 14772, -9004, 3552, 0, 0
134379, 14876, -9076, 3412, 0, 0
134411, 14848, -8984, 3364, 0, 0
134441, 14828, -9048, 3500, 0, 0
134479, 14736, -9060, 3496, 0, 0
134510, 14580, -9052, 3356, 0, 0
134542, 14812, -8988, 3360, 0, 0
134579, 14776, -9052, 3592, 0, 0
134610, 14792, -9032, 3436, 0, 0
134642, 14892, -9056, 3536, 0, 0
134679, 14780, -9084, 3288, 0, 0
134711, 14836, -9144, 3464, 0, 0
134781, 14744, -8988, 3656, 0, 0
134819, 14696, -8964, 3436, 0, 0
134850, 14992, -9180, 3632, 0, 0
134882, 14748, -8964, 3584, 0, 0
134919, 14772, -9064, 3388, 0, 0
134950, 14700, -8896, 3604, 0, 0
134982, 14852, -9048, 3572, 0, 0
135019, 14736, -9072, 3648, 0, 0
135051, 14832, -8960, 3576, 0, 0
135081, 14804, -9144, 3640, 0, 0
135119, 14820, -9096, 3520, 0, 0
135150, 14836, -9148, 3460, 0, 0
135182, 14916, -9056, 3544, 0, 0
135219, 14728, -8960, 3476, 0, 0
135250, 14844, -9052, 3472, 0, 0
135282, 14768, -9052, 3476, 0, 0
135319, 14992, -9044, 3500, 0, 0
135351, 14720, -9072, 3504, 0, 0
135382, 14808, -9060, 3280, 0, 0
135419, 14828, -9136, 3492, 0, 0
135450, 14736, -9108, 3476, 0, 0
135482, 14704, -9020, 3680, 0, 0
135519, 14828, -9072, 3700, 0, 0
135550, 14860, -9076, 3592, 0, 0
135582, 14836, -9096, 3460, 0, 0
135619, 14720, -9072, 3488, 0, 0
135651, 14676, -9056, 3520, 0, 0
135682, 14928, -9148, 3324, 0, 0
135719, 14728, -9036, 3668, 0, 0
135750, 14912, -9036, 3592, 0, 0
135782, 14880, -9008, 3432, 0, 0
135819, 14756, -9016, 3416, 0, 0
135888, 14748, -9176, 3364, 0, 0
135919, 14656, -8932, 3440, 0, 0
135959, 14796, -9080, 3424, 0, 0
135991, 14852, -9128, 3560, 0, 0
136022, 14904, -9132, 3560, 0, 0
136059, 14804, -8928, 3600, 0, 0
136090, 14700, -8980, 3480, 0, 0
136122, 14816, -9132, 3528, 0, 0
136159, 14708, -9088, 3632, 0, 0
136190, 14684, -8904, 3540, 0, 0
136222, 14840, -9000, 3376, 0, 0
136259, 14784, -9080, 3664, 0, 0
136291, 14684, -9044, 3536, 0, 0
136326, 14668, -8912, 3444, 0, 0
136359, 14844, -9016, 3524, 0, 0
136390, 14916, -9132, 3500, 0, 0
136422, 14740, -8964, 3532, 0, 0
136459, 14840, -9004, 3364, 0, 0
136491, 14844, -9120, 3520, 0, 0
136522, 14880, -9052, 3516, 0, 0
136559, 14796, -9156, 3336, 0, 0
136591, 14904, -9012, 3524, 0, 0
136622, 14796, -9024, 3480, 0, 0
136659, 14736, -9004, 3520, 0, 0
136690, 14808, -8992, 3480, 0, 0
136722, 14840, -9084, 3596, 0, 0
136759, 14768, -9088, 3652, 0, 0
136794, 14884, -9144, 3316, 0, 0
136825, 14788, -8964, 3704, 0, 0
136859, 14832, -9024, 3560, 0, 0
136891, 14708, -9076, 3532, 0, 0
136961, 14840, -9000, 3564, 0, 0
136999, 14888, -9036, 3512, 0, 0
137030, 14836, -9004, 3436, 0, 0
137062, 14768, -9092, 3544, 0, 0
137099, 14832, -9036, 3516, 0, 0
137131, 14972, -9088, 3600, 0, 0
137162, 14868, -9008, 3420, 0, 0
137199, 14772, -8992, 3440, 0, 0
137231, 14924, -8980, 3420, 0, 0
137262, 14848, -9076, 3552, 0, 0
137299, 14904, -9016, 3572, 0, 0
137330, 14768, -9028, 3368, 0, 0
137362, 14832, -9068, 3536, 0, 0
137399, 14904, -9148, 3560, 0, 0
137431, 14904, -9044, 3464, 0, 0
137462, 14932, -9028, 3524, 0, 0
137499, 14648, -8932, 3568, 0, 0
137531, 14960, -9004, 3548, 0, 0
137562, 14780, -9000, 3568, 0, 0
137600, 14772, -9028, 3616, 0, 0
137630, 14844, -9108, 3312, 0, 0
137662, 14872, -8968, 3584, 0, 0
137699, 14736, -9088, 3476, 0, 0
137731, 14932, -9148, 3548, 0, 0
137762, 14896, -9048, 3472, 0, 0
137799, 14856, -8976, 3432, 0, 0
137831, 14768, -9100, 3492, 0, 0
137862, 14808, -8992, 3352, 0, 0
137900, 14840, -9072, 3472, 0, 0
137928, 14848, -8964, 3372, 0, 0
137960, 14892, -9080, 3548, 0, 0
138027, 14740, -9132, 3500, 0, 0
138061, 14888, -9088, 3636, 0, 0
138099, 14828, -9108, 3504, 0, 0
138131, 14800, -9072, 3524, 0, 0
138162, 14744, -8940, 3608, 0, 0
138199, 14992, -9088, 3428, 0, 0
138230, 14820, -9072, 3600, 0, 0
138262, 14776, -8952, 3504, 0, 0
138299, 14936, -9028, 3444, 0, 0
138331, 14876, -9048, 3344, 0, 0
138362, 14748, -9016, 3524, 0, 0
138399, 14920, -9056, 3388, 0, 0
138431, 14732, -9088, 3524, 0, 0
138462, 14728, -9020, 3536, 0, 0
138499, 14944, -9072, 3508, 0, 0
138530, 14852, -9056, 3532, 0, 0
138562, 14820, -9060, 3496, 0, 0
138599, 14812, -9136, 3464, 0, 0
138631, 14816, -9104, 3408, 0, 0
138662, 14720, -8972, 3480, 0, 0
138699, 14760, -9048, 3548, 0, 0
138730, 14864, -9052, 3556, 0, 0
138762, 14904, -9000, 3560, 0, 0
138799, 14608, -8984, 3404, 0, 0
138830, 14796, -9124, 3384, 0, 0
138862, 14824, -9036, 3496, 0, 0
138899, 14840, -9028, 3440, 0, 0
138931, 14960, -9080, 3556, 0, 0
138961, 14760, -9004, 3412, 0, 0
138999, 14728, -9020, 3484, 0, 0
139030, 14768, -9048, 3512, 0, 0
139062, 14904, -9000, 3548, 0, 0
139133, 14884, -9008, 3440, 0, 0
139165, 14864, -9032, 3464, 0, 0
139199, 14720, -8960, 3500, 0, 0
139231, 14876, -9020, 3372, 0, 0
139261, 14864, -9132, 3364, 0, 0
139299, 14832, -9036, 3468, 0, 0
139330, 14832, -9124, 3564, 0, 0
139362, 14832, -8936, 3488, 0, 0
139399, 14928, -9124, 3424, 0, 0
139430, 14716, -9060, 3476, 0, 0
139462, 14828, -9016, 3524, 0, 0
139499, 14864, -9008, 3508, 0, 0
139534, 14860, -9008, 3524, 0, 0
139566, 14780, -9084, 3584, 0, 0
139599, 14652, -9068, 3476, 0, 0
139630, 14820, -9024, 3408, 0, 0
139662, 15000, -9176, 3376, 0, 0
139699, 14776, -9016, 3520, 0, 0
139730, 14812, -9048, 3424, 0, 0
139762, 14840, -9116, 3500, 0, 0
139799, 14796, -9032, 3364, 0, 0
139831, 14816, -8976, 3564, 0, 0
139862, 14908, -9180, 3568, 0, 0
139899, 14812, -9100, 3492, 0, 0
139930, 14820, -8984, 3464, 0, 0
139962, 14788, -9068, 3504, 0, 0
139999, 14892, -9044, 3476, 0, 0
140030, 14856, -9012, 3284, 0, 0
140062, 14812, -9040, 3468, 0, 0
140099, 14864, -9148, 3368, 0, 0
140131, 14776, -8948, 3436, 0, 0
140200, 14828, -9132, 3444, 0, 0
140239, 14824, -9056, 3668, 0, 0
140270, 14700, -8900, 3440, 0, 0
140302, 14912, -9052, 3404, 0, 0
140339, 14916, -9112, 3452, 0, 0
140370, 14776, -9024, 3572, 0, 0
140402, 14852, -9048, 3412, 0, 0
140439, 14808, -9104, 3476, 0, 0
140471, 14752, -9044, 3488, 0, 0
140502, 14828, -9032, 3452, 0, 0
140539, 14784, -9132, 3664, 0, 0
140570, 14788, -8872, 3536, 0, 0
140602, 14828, -9060, 3524, 0, 0
140639, 14864, -9084, 3460, 0, 0
140670, 14916, -8996, 3544, 0, 0
140702, 14720, -8936, 3416, 0, 0
140739, 14896, -9040, 3392, 0, 0
140771, 14904, -9104, 3472, 0, 0
140802, 14896, -9100, 3396, 0, 0
140839, 14708, -8968, 3556, 0, 0
140870, 14872, -9084, 3596, 0, 0
140902, 14884, -9128, 3480, 0, 0
140939, 14808, -9032, 3412, 0, 0
140971, 14956, -8972, 3584, 0, 0
141002, 14908, -9144, 3616, 0, 0
141039, 14808, -8968, 3468, 0, 0
141071, 14764, -9004, 3516, 0, 0
141102, 14820, -9028, 3476, 0, 0
141139, 14884, -8976, 3424, 0, 0
141170, 14748, -9100, 3488, 0, 0
141205, 14784, -8988, 3484, 0, 0
141278, 14708, -8900, 3496, 0, 0
141309, 15012, -9228, 3488, 0, 0
141341, 14808, -8980, 3456, 0, 0
141379, 14680, -9048, 3464, 0, 0
141411, 14892, -9096, 3500, 0, 0
141442, 14808, -9156, 3476, 0, 0
141479, 14692, -8980, 3504, 0, 0
141510, 14792, -9104, 3360, 0, 0
141542, 14872, -9100, 3524, 0, 0
141579, 14796, -9052, 3560, 0, 0
141611, 14812, -9000, 3580, 0, 0
141642, 14868, -9032, 3516, 0, 0
141679, 14880, -9056, 3572, 0, 0
141711, 14800, -9100, 3468, 0, 0
141742, 14804, -9004, 3528, 0, 0
141779, 14772, -9044, 3544, 0, 0
141810, 14868, -9000, 3720, 0, 0
141842, 14812, -9056, 3584, 0, 0
141879, 14796, -9048, 3564, 0, 0
141911, 14864, -8924, 3516, 0, 0
141942, 14824, -8976, 3500, 0, 0
141979, 14836, -9076, 3488, 0, 0
142011, 14716, -8976, 3604, 0, 0
142042, 14828, -9168, 3528, 0, 0
142080, 14784, -8964, 3524, 0, 0
142110, 14784, -9108, 3508, 0, 0
142142, 14684, -9108, 3676, 0, 0
142179, 14916, -9000, 3464, 0, 0
142211, 14656, -9012, 3516, 0, 0
142242, 14744, -8908, 3600, 0, 0
142279, 14804, -9088, 3452, 0, 0
142345, 14768, -8936, 3452, 0, 0
142381, 14828, -9052, 3540, 0, 0
142419, 14708, -8932, 3616, 0, 0
142450, 14712, -8996, 3444, 0, 0
142482, 14860, -9004, 3520, 0, 0
142519, 14680, -9024, 3488, 0, 0
142551, 14720, -9112, 3452, 0, 0
142582, 14856, -9088, 3468, 0, 0
142619, 14816, -8996, 3648, 0, 0
142651, 14668, -8932, 3496, 0, 0
142682, 14736, -9052, 3580, 0, 0
142720, 14776, -9096, 3588, 0, 0
142754, 14828, -9036, 3580, 0, 0
142785, 14784, -9040, 3608, 0, 0
142819, 14748, -9060, 3452, 0, 0
142851, 14964, -9216, 3520, 0, 0
142882, 14756, -9052, 3488, 0, 0
142919, 14792, -8932, 3580, 0, 0
142951, 14852, -8912, 3524, 0, 0
142982, 14840, -9132, 3520, 0, 0
143020, 14868, -9156, 3616, 0, 0
143050, 14752, -8940, 3668, 0, 0
143082, 14744, -8956, 3720, 0, 0
143119, 14792, -8996, 3544, 0, 0
143151, 14784, -9008, 3592, 0, 0
143182, 14760, -9164, 3532, 0, 0
143219, 14884, -9060, 3552, 0, 0
143251, 14772, -9060, 3572, 0, 0
143282, 14788, -8968, 3540, 0, 0
143319, 14808, -9064, 3604, 0, 0
143350, 14844, -9116, 3532, 0, 0
143382, 14780, -9016, 3536, 0, 0
143458, 14844, -9188, 3592, 0, 0
143490, 14660, -9004, 3524, 0, 0
143521, 14684, -8900, 3536, 0, 0
143559, 14928, -9120, 3680, 0, 0
143591, 14776, -9012, 3564, 0, 0
143622, 14704, -9036, 3508, 0, 0
143660, 14724, -9052, 3484, 0, 0
143690, 14820, -9100, 3456, 0, 0
143722, 14764, -8980, 3588, 0, 0
143759, 14768, -9096, 3568, 0, 0
143791, 14868, -9116, 3472, 0, 0
143822, 14836, -8992, 3532, 0, 0
143859, 14824, -9048, 3456, 0, 0
143891, 14828, -9112, 3480, 0, 0
143922, 14848, -9096, 3588, 0, 0
143959, 14716, -8960, 3620, 0, 0
143990, 14928, -9036, 3652, 0, 0
144022, 14860, -9052, 3560, 0, 0
144059, 14592, -8920, 3472, 0, 0
144091, 14932, -9196, 3508, 0, 0
144122, 14796, -9000, 3560, 0, 0
144159, 14716, -8948, 3496, 0, 0
144191, 14880, -9092, 3580, 0, 0
144222, 14860, -9140, 3664, 0, 0
144259, 14736, -9040, 3624, 0, 0
144290, 14732, -9012, 3484, 0, 0
144322, 14888, -9076, 3516, 0, 0
144359, 14680, -8952, 3476, 0, 0
144391, 14896, -9144, 3504, 0, 0
144422, 14888, -9040, 3444, 0, 0
144459, 14688, -9004, 3480, 0, 0
144529, 15108, -8964, 3276, 0, 0
144560, 14824, -8936, 3688, 0, 0
144599, 14796, -9048, 3440, 0, 0
144630, 14932, -8964, 3508, 0, 0
144662, 14824, -9020, 3524, 0, 0
144699, 14692, -8948, 3580, 0, 0
144731, 14804, -8940, 3708, 0, 0
144762, 14808, -8984, 3592, 0, 0
144799, 14856, -9108, 3400, 0, 0
144831, 14784, -9120, 3568, 0, 0
144862, 14752, -9044, 3592, 0, 0
144899, 14868, -9084, 3444, 0, 0
144930, 14852, -8956, 3472, 0, 0
144962, 14764, -8980, 3524, 0, 0
144999, 14932, -9100, 3660, 0, 0
145031, 14796, -8972, 3608, 0, 0
145062, 14700, -9112, 3556, 0, 0
145099, 14716, -9100, 3356, 0, 0
145131, 14824, -9112, 3588, 0, 0
145162, 14672, -9048, 3668, 0, 0
145199, 14912, -9036, 3624, 0, 0
145230, 14744, -9024, 3412, 0, 0
145262, 14752, -8968, 3612, 0, 0
145299, 14788, -9008, 3348, 0, 0
145331, 14956, -9036, 3560, 0, 0
145362, 14736, -8988, 3468, 0, 0
145399, 14896, -9012, 3616, 0, 0
145430, 14724, -9068, 3476, 0, 0
145462, 14788, -8952, 3532, 0, 0
145499, 14844, -9108, 3488, 0, 0
145530, 14820, -9016, 3540, 0, 0
145562, 14724, -9028, 3536, 0, 0
145634, 14832, -9056, 3496, 0, 0
145669, 14712, -8916, 3468, 0, 0
145700, 14876, -8992, 3564, 0, 0
145739, 14880, -9044, 3532, 0, 0
145771, 14836, -9060, 3532, 0, 0
145802, 14764, -9076, 3524, 0, 0
145839, 14948, -9064, 3528, 0, 0
145870, 14960, -9188, 3404, 0, 0
145902, 14720, -8984, 3504, 0, 0
145939, 14812, -9092, 3524, 0, 0
145984, 14928, -9088, 3500, 0, 0
146019, 14712, -9048, 3488, 0, 0
146051, 14788, -9040, 3468, 0, 0
146082, 14908, -9180, 3452, 0, 0
146119, 14772, -9012, 3512, 0, 0
146151, 14744, -9016, 3524, 0, 0
146182, 14872, -9072, 3592, 0, 0
146220, 14804, -9080, 3712, 0, 0
146250, 14820, -9056, 3476, 0, 0
146282, 14764, -9060, 3460, 0, 0
146319, 14848, -8972, 3596, 0, 0
146351, 14784, -9076, 3484, 0, 0
146382, 14828, -9004, 3508, 0, 0
146419, 14856, -9064, 3444, 0, 0
146451, 14984, -9044, 3612, 0, 0
146482, 14720, -8928, 3588, 0, 0
146519, 14808, -9092, 3660, 0, 0
146550, 14852, -9152, 3532, 0, 0
146582, 14732, -8996, 3456, 0, 0
146619, 14868, -8972, 3604, 0, 0
146651, 14904, -9056, 3476, 0, 0
146717, 14880, -9024, 3548, 0, 0
146749, 14860, -9076, 3540, 0, 0
146781, 14904, -9020, 3396, 0, 0
146819, 14664, -9096, 3500, 0, 0
146850, 14720, -8996, 3456, 0, 0
146882, 14864, -9024, 3540, 0, 0
146919, 14880, -9000, 3452, 0, 0
146951, 14808, -8948, 3472, 0, 0
146982, 14872, -8972, 3436, 0, 0
147019, 14856, -9136, 3468, 0, 0
147051, 14736, -8864, 3632, 0, 0
147082, 14940, -9028, 3576, 0, 0
147119, 14876, -9060, 3608, 0, 0
147150, 14788, -9024, 3556, 0, 0
147182, 14808, -9068, 3612, 0, 0
147219, 14828, -8980, 3400, 0, 0
147251, 14800, -9192, 3524, 0, 0
147282, 14972, -9096, 3724, 0, 0
147319, 14792, -8996, 3504, 0, 0
147350, 14900, -9124, 3532, 0, 0
147382, 14764, -9040, 3472, 0, 0
147419, 14764, -9008, 3528, 0, 0
147450, 14800, -8960, 3640, 0, 0
147482, 14880, -9084, 3624, 0, 0
147519, 14860, -8920, 3312, 0, 0
147551, 14740, -8992, 3488, 0, 0
147586, 14840, -9024, 3692, 0, 0
147619, 14880, -8956, 3516, 0, 0
147650, 14740, -9072, 3340, 0, 0
147682, 14680, -8904, 3480, 0, 0
147719, 14764, -9036, 3376, 0, 0
147788, 14852, -9060, 3592, 0, 0
147823, 14872, -9132, 3516, 0, 0
147859, 14960, -9096, 3524, 0, 0
147894, 14800, -8968, 3544, 0, 0
147926, 14736, -9032, 3440, 0, 0
147959, 14776, -9040, 3476, 0, 0
147990, 14744, -8964, 3688, 0, 0
148022, 14880, -9004, 3496, 0, 0
148059, 14872, -8920, 3488, 0, 0
148090, 14876, -9028, 3528, 0, 0
148122, 14812, -9052, 3432, 0, 0
148159, 14792, -9008, 3380, 0, 0
148191, 14720, -9076, 3520, 0, 0
148222, 14816, -8964, 3560, 0, 0
148259, 14992, -9124, 3456, 0, 0
148290, 14916, -9144, 3372, 0, 0
148322, 14768, -8924, 3480, 0, 0
148359, 14884, -9104, 3520, 0, 0
148390, 15028, -9092, 3620, 0, 0
148422, 14860, -8972, 3456, 0, 0
148459, 14796, -9020, 3372, 0, 0
148491, 14904, -9040, 3424, 0, 0
148521, 14932, -9088, 3420, 0, 0
148559, 14896, -9028, 3496, 0, 0
148590, 14836, -8800, 3572, 0, 0
148622, 14908, -8916, 3440, 0, 0
148659, 14868, -9000, 3572, 0, 0
148690, 14688, -8940, 3408, 0, 0
148722, 14752, -9068, 3312, 0, 0
148759, 14984, -9176, 3468, 0, 0
148791, 14696, -9052, 3568, 0, 0
148822, 14752, -8924, 3408, 0, 0
148891, 14884, -9000, 3424, 0, 0
148922, 14700, -8900, 3500, 0, 0
148959, 14780, -8960, 3480, 0, 0
148990, 15096, -9036, 3492, 0, 0
149022, 14848, -8956, 3404, 0, 0
149059, 14752, -8992, 3376, 0, 0
149091, 15012, -9168, 3452, 0, 0
149122, 14880, -9108, 3392, 0, 0
149159, 14844, -8996, 3336, 0, 0
149194, 14764, -9000, 3444, 0, 0
149225, 14876, -9028, 3528, 0, 0
149259, 14828, -9048, 3556, 0, 0
149291, 14788, -8980, 3516, 0, 0
149322, 14888, -9004, 3484, 0, 0
149359, 14960, -9072, 3660, 0, 0
149391, 14756, -8924, 3444, 0, 0
149422, 14716, -9016, 3408, 0, 0
149459, 14820, -8940, 3544, 0, 0
149490, 14868, -9036, 3540, 0, 0
149522, 14780, -9100, 3572, 0, 0
149559, 14720, -9004, 3464, 0, 0
149591, 14860, -9008, 3456, 0, 0
149622, 14836, -9104, 3488, 0, 0
149659, 14856, -8992, 3376, 0, 0
149691, 14832, -9008, 3620, 0, 0
149722, 14768, -8940, 3564, 0, 0
149760, 14944, -9020, 3428, 0, 0
149790, 14832, -9004, 3444, 0, 0
149822, 14720, -9016, 3684, 0, 0
149859, 14960, -8920, 3412, 0, 0
149891, 14904, -9080, 3468, 0, 0
149962, 14912, -9124, 3496, 0, 0
149999, 14916, -9096, 3500, 0, 0
150031, 14820, -9024, 3588, 0, 0
150062, 14884, -9080, 3516, 0, 0
150107, 14792, -9008, 3504, 0, 0
150139, 14756, -8968, 3632, 0, 0
150170, 14932, -9056, 3488, 0, 0
150202, 14860, -9068, 3404, 0, 0
150239, 14740, -9056, 3404, 0, 0
150270, 14856, -8992, 3492, 0, 0
150302, 14896, -9084, 3648, 0, 0
150339, 14652, -8920, 3468, 0, 0
150371, 14828, -9000, 3488, 0, 0
150402, 14948, -9176, 3596, 0, 0
150439, 14864, -8996, 3444, 0, 0
150470, 14744, -8904, 3448, 0, 0
150502, 14792, -8956, 3564, 0, 0
150539, 14892, -9076, 3584, 0, 0
150571, 14936, -9032, 3552, 0, 0
150602, 14820, -8912, 3584, 0, 0
150639, 14908, -8972, 3408, 0, 0
150671, 14848, -9128, 3512, 0, 0
150702, 14828, -9004, 3468, 0, 0
150739, 14804, -9028, 3548, 0, 0
150770, 14852, -9004, 3568, 0, 0
150805, 14712, -9020, 3600, 0, 0
150839, 14840, -9012, 3656, 0, 0
150871, 14836, -9152, 3600, 0, 0
150902, 14748, -9020, 3444, 0, 0
150939, 14772, -9036, 3596, 0, 0
150971, 14828, -9056, 3548, 0, 0
151040, 14972, -9068, 3560, 0, 0
151079, 14708, -8976, 3584, 0, 0
151110, 14964, -9180, 3488, 0, 0
151142, 14928, -9048, 3488, 0, 0
151179, 14720, -9000, 3456, 0, 0
151211, 14832, -8960, 3832, 0, 0
151242, 14904, -8920, 3536, 0, 0
151279, 14808, -9020, 3456, 0, 0
151311, 14772, -9044, 3556, 0, 0
151342, 14720, -9156, 3728, 0, 0
151379, 14864, -9096, 3532, 0, 0
151410, 14820, -8964, 3552, 0, 0
151442, 14740, -8844, 3496, 0, 0
151479, 14920, -9036, 3476, 0, 0
151511, 14784, -9044, 3688, 0, 0
151542, 14664, -8948, 3552, 0, 0
151579, 14808, -9068, 3608, 0, 0
151611, 14928, -9076, 3584, 0, 0
151642, 14676, -8956, 3432, 0, 0
151680, 14864, -9020, 3480, 0, 0
151710, 14824, -9016, 3560, 0, 0
151742, 14860, -8876, 3520, 0, 0
151779, 14936, -9076, 3708, 0, 0
151811, 14712, -9032, 3564, 0, 0
151842, 14688, -8992, 3572, 0, 0
151879, 15008, -9076, 3484, 0, 0
151911, 14824, -8992, 3552, 0, 0
151942, 14628, -8992, 3432, 0, 0
151980, 14944, -9104, 3624, 0, 0
152010, 14900, -9008, 3520, 0, 0
152042, 14812, -9004, 3560, 0, 0
152079, 14748, -9020, 3628, 0, 0
152152, 14888, -9052, 3552, 0, 0
152183, 14688, -8900, 3540, 0, 0
152219, 14804, -8932, 3708, 0, 0
152251, 14836, -9088, 3568, 0, 0
152282, 14740, -9024, 3440, 0, 0
152320, 14848, -9040, 3664, 0, 0
152350, 14868, -9072, 3504, 0, 0
152382, 14800, -8920, 3652, 0, 0
152419, 14732, -9024, 3420, 0, 0
152451, 14948, -9096, 3588, 0, 0
152482, 14744, -9048, 3472, 0, 0
152519, 14716, -9008, 3548, 0, 0
152551, 14792, -9044, 3572, 0, 0
152582, 14908, -9076, 3624, 0, 0
152620, 14772, -8796, 3568, 0, 0
152650, 14656, -9016, 3592, 0, 0
152682, 14756, -9020, 3436, 0, 0
152719, 14736, -9024, 3556, 0, 0
152751, 14836, -8936, 3784, 0, 0
152782, 14816, -9052, 3564, 0, 0
152819, 14812, -8976, 3440, 0, 0
152851, 14796, -9096, 3560, 0, 0
152882, 14688, -9028, 3604, 0, 0
152919, 14864, -9056, 3580, 0, 0
152950, 14916, -9064, 3680, 0, 0
152982, 14848, -9036, 3476, 0, 0
153019, 14884, -8972, 3572, 0, 0
153051, 14924, -8968, 3556, 0, 0
153082, 14820, -8996, 3456, 0, 0
153119, 14720, -9056, 3516, 0, 0
153151, 14816, -9020, 3600, 0, 0
153218, 14756, -8928, 3608, 0, 0
153249, 14880, -9108, 3660, 0, 0
153281, 14940, -9076, 3340, 0, 0
153319, 14668, -9076, 3624, 0, 0
153351, 14820, -9000, 3572, 0, 0
153382, 14888, -9004, 3548, 0, 0
153419, 14848, -9060, 3580, 0, 0
153451, 14824, -8996, 3476, 0, 0
153482, 14904, -9056, 3544, 0, 0
153519, 14748, -8948, 3672, 0, 0
153550, 14984, -9080, 3592, 0, 0
153582, 14952, -9104, 3564, 0, 0
153619, 14788, -9132, 3528, 0, 0
153651, 14808, -9000, 3540, 0, 0
153682, 14776, -9060, 3580, 0, 0
153719, 14840, -9032, 3500, 0, 0
153750, 14784, -9060, 3660, 0, 0
153782, 14672, -8964, 3492, 0, 0
153819, 14784, -8972, 3656, 0, 0
153850, 14852, -9068, 3472, 0, 0
153882, 14900, -9064, 3420, 0, 0
153919, 14832, -9020, 3440, 0, 0
153951, 14852, -8912, 3616, 0, 0
153982, 14888, -9016, 3492, 0, 0
154021, 14616, -8984, 3556, 0, 0
154059, 14896, -9144, 3452, 0, 0
154091, 14840, -9056, 3420, 0, 0
154122, 14764, -8944, 3488, 0, 0
154159, 14720, -9000, 3412, 0, 0
154190, 14888, -9072, 3580, 0, 0
154222, 14844, -8980, 3532, 0, 0
154259, 14684, -8968, 3556, 0, 0
154330, 14868, -9036, 3552, 0, 0
154361, 14796, -8968, 3548, 0, 0
154399, 14836, -8964, 3460, 0, 0
154431, 14776, -9004, 3420, 0, 0
154462, 14732, -9004, 3476, 0, 0
154499, 14792, -9020, 3500, 0, 0
154534, 14796, -9028, 3548, 0, 0
154565, 14816, -8956, 3556, 0, 0
154599, 14688, -8940, 3572, 0, 0
154631, 14812, -9024, 3612, 0, 0
154662, 14936, -9172, 3484, 0, 0
154699, 14772, -9076, 3572, 0, 0
154731, 14884, -9004, 3428, 0, 0
154762, 14868, -9072, 3548, 0, 0
154799, 14788, -9092, 3532, 0, 0
154830, 14812, -9080, 3436, 0, 0
154862, 14796, -9092, 3580, 0, 0
154899, 14988, -9004, 3544, 0, 0
154931, 14744, -9032, 3472, 0, 0
154962, 14780, -9056, 3472, 0, 0
154999, 14756, -8980, 3508, 0, 0
155031, 14928, -9088, 3504, 0, 0
155062, 14844, -8976, 3508, 0, 0
155099, 14708, -8956, 3340, 0, 0
155130, 14872, -9148, 3428, 0, 0
155162, 14860, -9040, 3616, 0, 0
155199, 14820, -8960, 3472, 0, 0
155231, 14912, -9144, 3404, 0, 0
155262, 14856, -9040, 3524, 0, 0
155299, 14752, -9052, 3640, 0, 0
155330, 14816, -9052, 3456, 0, 0
155400, 14924, -8968, 3536, 0, 0
155439, 14812, -9036, 3504, 0, 0
155470, 14796, -9088, 3576, 0, 0
155502, 14852, -9000, 3660, 0, 0
155539, 14716, -9044, 3532, 0, 0
155571, 14776, -9052, 3560, 0, 0
155602, 14900, -9000, 3612, 0, 0
155639, 14796, -9028, 3468, 0, 0
155668, 14816, -9052, 3592, 0, 0
155700, 14884, -9024, 3576, 0, 0
155739, 14808, -8972, 3488, 0, 0
155770, 14748, -8980, 3424, 0, 0
155802, 14852, -9104, 3436, 0, 0
155839, 14788, -9092, 3420, 0, 0
155871, 14848, -8968, 3520, 0, 0
155901, 14812, -8984, 3476, 0, 0
155939, 14872, -9016, 3580, 0, 0
155970, 14860, -9048, 3504, 0, 0
156002, 14732, -9016, 3448, 0, 0
156039, 14896, -8984, 3476, 0, 0
156070, 14792, -8980, 3580, 0, 0
156102, 14868, -9016, 3448, 0, 0
156139, 14632, -8896, 3572, 0, 0
156171, 14924, -9100, 3376, 0, 0
156201, 14964, -9100, 3508, 0, 0
156239, 14744, -8972, 3432, 0, 0
156270, 14784, -9000, 3544, 0, 0
156302, 14868, -9032, 3644, 0, 0
156339, 14736, -8988, 3492, 0, 0
156370, 14904, -8956, 3452, 0, 0
156402, 14840, -9024, 3580, 0, 0
156439, 14860, -9064, 3512, 0, 0
156511, 14764, -8972, 3532, 0, 0
156542, 14880, -9044, 3544, 0, 0
156579, 14848, -9044, 3584, 0, 0
156610, 14820, -8984, 3328, 0, 0
156642, 14824, -9068, 3520, 0, 0
156679, 14824, -9084, 3504, 0, 0
156710, 14788, -9016, 3552, 0, 0
156745, 14860, -8916, 3544, 0, 0
156779, 14788, -9092, 3444, 0, 0
156811, 14796, -9112, 3476, 0, 0
156841, 14860, -8988, 3484, 0, 0
156879, 14632, -8884, 3576, 0, 0
156910, 14864, -8956, 3632, 0, 0
156942, 14840, -9184, 3408, 0, 0
156979, 14744, -9080, 3324, 0, 0
157010, 14804, -8996, 3524, 0, 0
157042, 14924, -9036, 3540, 0, 0
157079, 14808, -9068, 3428, 0, 0
157111, 14812, -8972, 3492, 0, 0
157142, 14880, -9172, 3404, 0, 0
157179, 14748, -9112, 3488, 0, 0
157210, 14720, -8888, 3640, 0, 0
157245, 14796, -9024, 3500, 0, 0
157279, 14880, -9100, 3632, 0, 0
157310, 14888, -9040, 3508, 0, 0
157342, 14676, -8976, 3576, 0, 0
157379, 14904, -8996, 3476, 0, 0
157411, 14796, -9040, 3680, 0, 0
157442, 14820, -9048, 3508, 0, 0
157479, 14720, -9084, 3636, 0, 0
157510, 14840, -8980, 3444, 0, 0
157580, 14860, -9000, 3532, 0, 0
157619, 14920, -9184, 3616, 0, 0
157650, 14700, -8964, 3308, 0, 0
157682, 14804, -9076, 3428, 0, 0
157719, 14740, -9052, 3624, 0, 0
157751, 14832, -9092, 3568, 0, 0
157782, 14788, -9064, 3580, 0, 0
157819, 14776, -9016, 3604, 0, 0
157850, 14836, -8996, 3604, 0, 0
157882, 14776, -8976, 3640, 0, 0
157919, 14736, -9012, 3328, 0, 0
157950, 14876, -9004, 3484, 0, 0
157982, 14904, -9020, 3372, 0, 0
158019, 14824, -8960, 3608, 0, 0
158051, 14868, -8956, 3488, 0, 0
158082, 14808, -8968, 3460, 0, 0
158119, 14812, -8988, 3420, 0, 0
158150, 14832, -9056, 3572, 0, 0
158182, 14768, -9064, 3648, 0, 0
158219, 14776, -9084, 3424, 0, 0
158251, 14852, -9020, 3396, 0, 0
158282, 14972, -9076, 3648, 0, 0
158319, 14824, -9004, 3600, 0, 0
158351, 14752, -9092, 3440, 0, 0
158382, 14860, -9032, 3592, 0, 0
158419, 14824, -8960, 3484, 0, 0
158450, 14864, -9024, 3648, 0, 0
158482, 14704, -8980, 3432, 0, 0
158519, 14752, -9104, 3604, 0, 0
158551, 14880, -9056, 3596, 0, 0
158582, 14812, -9052, 3360, 0, 0
158652, 14972, -9052, 3516, 0, 0
158687, 14752, -9008, 3480, 0, 0
158720, 14856, -8960, 3588, 0, 0
158750, 14896, -9084, 3628, 0, 0
158782, 14852, -8980, 3544, 0, 0
158819, 14736, -9040, 3484, 0, 0
158851, 14800, -9000, 3404, 0, 0
158896, 14836, -9100, 3596, 0, 0
158927, 14732, -8956, 3528, 0, 0
158962, 14828, -8936, 3416, 0, 0
158999, 14900, -9052, 3572, 0, 0
159031, 14848, -9140, 3556, 0, 0
159062, 14736, -8964, 3604, 0, 0
159099, 14844, -9008, 3500, 0, 0
159130, 14756, -9060, 3572, 0, 0
159162, 14792, -8936, 3556, 0, 0
159199, 14900, -9096, 3616, 0, 0
159230, 14864, -8956, 3404, 0, 0
159262, 14860, -9028, 3520, 0, 0
159299, 14800, -9100, 3504, 0, 0
159331, 14768, -8976, 3508, 0, 0
159362, 14724, -8988, 3508, 0, 0
159399, 14840, -9012, 3676, 0, 0
159430, 14836, -9060, 3508, 0, 0
159462, 14648, -9056, 3468, 0, 0
159499, 14752, -8996, 3648, 0, 0
159531, 15008, -8992, 3532, 0, 0
159562, 14800, -9116, 3520, 0, 0
159599, 14676, -9008, 3640, 0, 0
159631, 14848, -8940, 3492, 0, 0
159662, 14816, -9068, 3528, 0, 0
159726, 14808, -9044, 3460, 0, 0
159761, 14876, -8936, 3376, 0, 0
159799, 14664, -8960, 3544, 0, 0
159831, 14816, -9032, 3460, 0, 0
159862, 14888, -9108, 3488, 0, 0
159899, 14744, -9020, 3436, 0, 0
159931, 14788, -9036, 3616, 0, 0
159962, 14780, -9008, 3564, 0, 0
160000, 14732, -8896, 3544, 0, 0
160030, 14824, -9012, 3592, 0, 0
160062, 14808, -9072, 3560, 0, 0
160099, 14748, -8944, 3540, 0, 0
160131, 14756, -8984, 3540, 0, 0
160162, 14840, -9072, 3544, 0, 0
160199, 14728, -9000, 3412, 0, 0
160231, 14696, -8932, 3524, 0, 0
160262, 14884, -8952, 3524, 0, 0
160300, 14896, -9084, 3632, 0, 0
160330, 14696, -8992, 3476, 0, 0
160362, 14812, -9020, 3596, 0, 0
160399, 14800, -9008, 3484, 0, 0
160431, 14684, -9064, 3632, 0, 0
160465, 14808, -8984, 3292, 0, 0
160499, 14864, -9056, 3548, 0, 0
160531, 14848, -9068, 3504, 0, 0
160562, 14744, -9016, 3528, 0, 0
160599, 14896, -9084, 3536, 0, 0
160630, 14772, -9048, 3608, 0, 0
160662, 14832, -8976, 3424, 0, 0
160699, 14716, -9016, 3536, 0, 0
160731, 14800, -9072, 3672, 0, 0
160762, 14796, -9012, 3488, 0, 0
160835, 14768, -9040, 3456, 0, 0
160866, 14800, -9072, 3548, 0, 0
160899, 14784, -9012, 3592, 0, 0
160930, 14784, -8980, 3512, 0, 0
160962, 14820, -8972, 3536, 0, 0
160999, 14812, -9040, 3544, 0, 0
161031, 14872, -9080, 3544, 0, 0
161062, 14764, -9076, 3848, 0, 0
161099, 14760, -8988, 3344, 0, 0
161130, 14868, -9016, 3520, 0, 0
161166, 14948, -9072, 3524, 0, 0
161199, 14668, -8980, 3392, 0, 0
161230, 14852, -9032, 3572, 0, 0
161262, 14872, -9012, 3608, 0, 0
161299, 14824, -9072, 3644, 0, 0
161331, 14832, -9044, 3472, 0, 0
161362, 14796, -9088, 3624, 0, 0
161399, 14792, -8932, 3652, 0, 0
161430, 14676, -9128, 3660, 0, 0
161462, 14888, -9084, 3516, 0, 0
161499, 14928, -8992, 3616, 0, 0
161530, 14860, -9076, 3700, 0, 0
161562, 14752, -9036, 3456, 0, 0
161599, 14840, -9084, 3668, 0, 0
161631, 14912, -9032, 3496, 0, 0
161662, 14700, -9024, 3504, 0, 0
161699, 14732, -9068, 3552, 0, 0
161730, 14812, -9172, 3672, 0, 0
161762, 14776, -9068, 3468, 0, 0
161799, 14800, -9044, 3584, 0, 0
161830, 14768, -9016, 3460, 0, 0
161899, 14880, -9036, 3504, 0, 0
161939, 14804, -8932, 3580, 0, 0
161971, 14724, -9044, 3596, 0, 0
162001, 14688, -9172, 3568, 0, 0
162039, 14764, -9092, 3404, 0, 0
162070, 14668, -8948, 3616, 0, 0
162106, 14968, -9092, 3596, 0, 0
162139, 14852, -8992, 3620, 0, 0
162170, 14712, -9016, 3484, 0, 0
162202, 14836, -8972, 3504, 0, 0
162239, 14992, -9008, 3392, 0, 0
162271, 14884, -9076, 3492, 0, 0
162301, 14808, -9060, 3492, 0, 0
162339, 14736, -9088, 3412, 0, 0
162370, 14784, -9008, 3460, 0, 0
162402, 14844, -9048, 3516, 0, 0
162439, 14804, -8972, 3452, 0, 0
162470, 14852, -9124, 3480, 0, 0
162502, 14888, -9168, 3516, 0, 0
162539, 14788, -9024, 3572, 0, 0
162571, 14752, -9020, 3392, 0, 0
162601, 14792, -9160, 3516, 0, 0
162639, 14808, -9064, 3524, 0, 0
162670, 14836, -9060, 3536, 0, 0
162702, 14856, -9084, 3628, 0, 0
162739, 14948, -9020, 3576, 0, 0
162770, 14728, -9060, 3520, 0, 0
162802, 14684, -9004, 3440, 0, 0
162839, 14780, -9048, 3404, 0, 0
162871, 14788, -9024, 3556, 0, 0
162902, 14812, -9060, 3448, 0, 0
162939, 14860, -9032, 3504, 0, 0
163011, 14988, -9060, 3492, 0, 0
163043, 14716, -9000, 3480, 0, 0
163079, 14824, -9040, 3580, 0, 0
163110, 14928, -8960, 3464, 0, 0
163142, 14776, -8968, 3428, 0, 0
163179, 14712, -8980, 3424, 0, 0
163211, 14932, -9032, 3584, 0, 0
163241, 14912, -9088, 3576, 0, 0
163279, 14644, -9044, 3308, 0, 0
163310, 14716, -9084, 3628, 0, 0
163342, 14968, -9060, 3388, 0, 0
163379, 14764, -9004, 3376, 0, 0
163410, 14716, -9100, 3392, 0, 0
163442, 14812, -9108, 3480, 0, 0
163479, 14944, -9108, 3576, 0, 0
163511, 14840, -8988, 3524, 0, 0
163542, 14820, -8912, 3572, 0, 0
163579, 14908, -9020, 3564, 0, 0
163610, 14852, -9104, 3528, 0, 0
163642, 14744, -9084, 3556, 0, 0
163679, 14876, -8980, 3420, 0, 0
163710, 14948, -9084, 3536, 0, 0
163742, 14712, -9020, 3524, 0, 0
163779, 14704, -8960, 3396, 0, 0
163811, 14920, -9084, 3556, 0, 0
163842, 14868, -9048, 3508, 0, 0
163879, 14828, -8976, 3532, 0, 0
163910, 14752, -9036, 3512, 0, 0
163942, 14884, -9020, 3524, 0, 0
163979, 14680, -9080, 3560, 0, 0
164011, 14908, -9016, 3504, 0, 0
164079, 14716, -8904, 3484, 0, 0
164119, 14832, -9036, 3472, 0, 0
164151, 14752, -9132, 3388, 0, 0
164182, 14808, -9104, 3396, 0, 0
164219, 14792, -8888, 3460, 0, 0
164250, 14848, -9072, 3508, 0, 0
164282, 14896, -9000, 3480, 0, 0
164319, 14788, -9008, 3552, 0, 0
164350, 14752, -8984, 3504, 0, 0
164382, 14872, -9020, 3352, 0, 0
164419, 14896, -9076, 3604, 0, 0
164451, 14704, -9024, 3372, 0, 0
164482, 14772, -9072, 3480, 0, 0
164519, 14820, -9064, 3660, 0, 0
164550, 14848, -9164, 3488, 0, 0
164582, 14796, -8968, 3344, 0, 0
164619, 14796, -9092, 3596, 0, 0
164651, 14776, -8924, 3684, 0, 0
164682, 14888, -9008, 3528, 0, 0
164719, 14844, -9008, 3508, 0, 0
164751, 14796, -9120, 3528, 0, 0
164782, 14820, -8988, 3532, 0, 0
164819, 14760, -9092, 3372, 0, 0
164850, 15112, -9248, 3468, 0, 0
164882, 14744, -9004, 3552, 0, 0
164919, 14480, -8680, 3692, 0, 0
164951, 14808, -8876, 3436, 0, 0
164982, 15020, -9060, 3372, 0, 0
165019, 14796, -9168, 3516, 0, 0
165051, 14628, -8956, 3440, 0, 0
165082, 14776, -9120, 3436, 0, 0
165151, 15012, -9080, 3612, 0, 0
165186, 14688, -9056, 3764, 0, 0
165219, 14572, -8900, 3556, 0, 0
165251, 15068, -9108, 3476, 0, 0
165282, 15004, -9108, 3480, 0, 0
165319, 14728, -9056, 3504, 0, 0
165351, 14844, -9084, 3432, 0, 0
165382, 15024, -9096, 3440, 0, 0
165420, 14724, -8980, 3504, 0, 0
165450, 14880, -8976, 3464, 0, 0
165482, 14712, -9020, 3516, 0, 0
165519, 14840, -9092, 3700, 0, 0
165551, 14892, -9072, 3472, 0, 0
165585, 14884, -9084, 3476, 0, 0
165619, 14772, -9044, 3372, 0, 0
165651, 14852, -9116, 3544, 0, 0
165682, 14920, -9096, 3376, 0, 0
165719, 14892, -8864, 3504, 0, 0
165750, 14836, -8952, 3508, 0, 0
165782, 14828, -9048, 3488, 0, 0
165819, 14856, -9052, 3616, 0, 0
165851, 14792, -9124, 3440, 0, 0
165882, 14776, -8936, 3512, 0, 0
165919, 14776, -8984, 3376, 0, 0
165951, 14796, -8988, 3488, 0, 0
165982, 14664, -9060, 3448, 0, 0
166019, 14652, -9036, 3576, 0, 0
166050, 14852, -9120, 3448, 0, 0
166082, 14884, -9020, 3572, 0, 0
166119, 14760, -8988, 3372, 0, 0
166151, 14772, -9052, 3352, 0, 0
166215, 14884, -9068, 3576, 0, 0
166250, 14780, -8904, 3464, 0, 0
166281, 14776, -9064, 3488, 0, 0
166319, 14832, -9128, 3552, 0, 0
166350, 14748, -9036, 3492, 0, 0
166382, 14860, -9004, 3400, 0, 0
166419, 14868, -9040, 3384, 0, 0
166451, 14732, -9016, 3456, 0, 0
166482, 14780, -9060, 3488, 0, 0
166519, 14832, -9040, 3428, 0, 0
166550, 14752, -9040, 3512, 0, 0
166582, 14864, -9004, 3632, 0, 0
166619, 14864, -9024, 3588, 0, 0
166650, 14852, -9088, 3484, 0, 0
166682, 14784, -8992, 3492, 0, 0
166719, 14732, -9072, 3460, 0, 0
166751, 14908, -9060, 3496, 0, 0
166781, 14764, -8980, 3436, 0, 0
166819, 14784, -8948, 3536, 0, 0
166850, 14764, -8956, 3532, 0, 0
166889, 14992, -9084, 3460, 0, 0
166920, 14720, -9100, 3500, 0, 0
166959, 14828, -8968, 3396, 0, 0
166990, 14744, -9052, 3644, 0, 0
167022, 14896, -8976, 3436, 0, 0
167059, 14704, -9060, 3532, 0, 0
167091, 14864, -8952, 3460, 0, 0
167122, 14880, -9092, 3476, 0, 0
167159, 14892, -8976, 3524, 0, 0
167191, 14816, -9088, 3456, 0, 0
167222, 14784, -8992, 3368, 0, 0
167259, 14836, -9088, 3588, 0, 0
167328, 14860, -9092, 3500, 0, 0
167360, 14788, -9048, 3348, 0, 0
167399, 14852, -8980, 3552, 0, 0
167431, 14792, -9056, 3412, 0, 0
167462, 14844, -8940, 3436, 0, 0
167499, 14876, -8956, 3588, 0, 0
167531, 14732, -8960, 3428, 0, 0
167562, 14704, -9092, 3424, 0, 0
167599, 14980, -9068, 3500, 0, 0
167630, 14824, -9024, 3476, 0, 0
167662, 14820, -8984, 3556, 0, 0
167699, 14776, -9104, 3460, 0, 0
167731, 14860, -9128, 3384, 0, 0
167762, 14836, -8964, 3444, 0, 0
167808, 14888, -9064, 3444, 0, 0
167839, 14828, -9028, 3504, 0, 0
167871, 14800, -9112, 3552, 0, 0
167903, 14788, -9008, 3540, 0, 0
167939, 14872, -9004, 3492, 0, 0
167970, 14964, -9036, 3356, 0, 0
168002, 14688, -9044, 3560, 0, 0
168039, 14756, -9048, 3548, 0, 0
168071, 14972, -9084, 3532, 0, 0
168102, 14856, -8988, 3536, 0, 0
168139, 14680, -8972, 3528, 0, 0
168171, 14856, -9024, 3412, 0, 0
168203, 14840, -9136, 3508, 0, 0
168239, 14644, -8952, 3620, 0, 0
168270, 14948, -9128, 3488, 0, 0
168302, 14816, -9084, 3424, 0, 0
168339, 14680, -9108, 3432, 0, 0
168371, 14852, -9000, 3444, 0, 0
168402, 14856, -9040, 3460, 0, 0
168439, 14892, -9020, 3376, 0, 0
168471, 14808, -9104, 3556, 0, 0
168510, 14756, -9024, 3316, 0, 0
168542, 14712, -9040, 3476, 0, 0
168579, 14820, -9012, 3488, 0, 0
168610, 14888, -9088, 3364, 0, 0
168680, 14808, -9012, 3492, 0, 0
168719, 15000, -9036, 3508, 0, 0
168751, 14732, -8940, 3408, 0, 0
168782, 14800, -8924, 3560, 0, 0
168819, 14812, -9036, 3624, 0, 0
168851, 14936, -9088, 3368, 0, 0
168882, 14740, -9092, 3512, 0, 0
168919, 14576, -9148, 3496, 0, 0
168950, 14936, -9236, 3520, 0, 0
168982, 14932, -8992, 3476, 0, 0
169019, 14592, -8952, 3368, 0, 0
169051, 14864, -9048, 3468, 0, 0
169082, 14888, -9088, 3552, 0, 0
169119, 14740, -9052, 3540, 0, 0
169151, 14808, -9016, 3468, 0, 0
169182, 14856, -9092, 3596, 0, 0
169219, 14956, -9072, 3460, 0, 0
169250, 14792, -9068, 3384, 0, 0
169282, 14856, -9060, 3548, 0, 0
169319, 14816, -9136, 3520, 0, 0
169351, 14804, -8972, 3376, 0, 0
169382, 14708, -9036, 3580, 0, 0
169419, 14984, -9076, 3476, 0, 0
169451, 14836, -9060, 3452, 0, 0
169482, 14808, -9032, 3568, 0, 0
169519, 14772, -9064, 3612, 0, 0
169550, 14808, -9096, 3592, 0, 0
169582, 14936, -9048, 3488, 0, 0
169619, 14848, -8888, 3540, 0, 0
169651, 14728, -9016, 3428, 0, 0
169682, 14848, -9084, 3504, 0, 0
169719, 14848, -9116, 3336, 0, 0
169751, 14704, -8968, 3684, 0, 0
169782, 14752, -8964, 3676, 0, 0
169819, 14912, -9072, 3600, 0, 0
169892, 14760, -9080, 3444, 0, 0
169928, 14856, -8996, 3592, 0, 0
169960, 14840, -9104, 3472, 0, 0
169999, 14792, -8948, 3556, 0, 0
170035, 14808, -9032, 3660, 0, 0
170066, 14788, -9004, 3556, 0, 0
170099, 14712, -8972, 3560, 0, 0
170134, 14728, -9068, 3376, 0, 0
170166, 14844, -9016, 3516, 0, 0
170199, 14808, -9124, 3472, 0, 0
170231, 14816, -8972, 3484, 0, 0
170263, 14852, -9028, 3596, 0, 0
170299, 14808, -9024, 3528, 0, 0
170331, 14716, -9048, 3524, 0, 0
170362, 14768, -8948, 3480, 0, 0
170399, 14768, -9036, 3532, 0, 0
170431, 14732, -9008, 3508, 0, 0
170463, 14848, -9072, 3548, 0, 0
170499, 14668, -9040, 3384, 0, 0
170531, 14772, -9024, 3460, 0, 0
170563, 14892, -9092, 3544, 0, 0
170599, 14788, -9068, 3452, 0, 0
170631, 14592, -8948, 3480, 0, 0
170662, 14772, -9092, 3596, 0, 0
170699, 14904, -9136, 3532, 0, 0
170731, 14744, -9116, 3528, 0, 0
170763, 14776, -9036, 3576, 0, 0
170799, 14960, -9084, 3556, 0, 0
170871, 14732, -9080, 3552, 0, 0
170903, 14768, -9052, 3640, 0, 0
170939, 14800, -9112, 3508, 0, 0
170971, 14728, -9028, 3544, 0, 0
171002, 14656, -9056, 3548, 0, 0
171039, 14896, -9052, 3708, 0, 0
171071, 14848, -9072, 3584, 0, 0
171103, 14784, -9104, 3480, 0, 0
171139, 14784, -9072, 3652, 0, 0
171171, 14760, -9008, 3656, 0, 0
171203, 14744, -8928, 3580, 0, 0
171239, 14832, -9176, 3616, 0, 0
171271, 14792, -8932, 3600, 0, 0
171302, 14808, -9088, 3552, 0, 0
171339, 14744, -9036, 3520, 0, 0
171371, 14788, -8968, 3352, 0, 0
171403, 14772, -9024, 3548, 0, 0
171439, 14720, -9008, 3592, 0, 0
171470, 14900, -9052, 3368, 0, 0
171503, 14804, -8972, 3504, 0, 0
171539, 14640, -9032, 3516, 0, 0
171571, 14844, -9068, 3504, 0, 0
171602, 14988, -9120, 3560, 0, 0
171639, 14720, -8988, 3560, 0, 0
171671, 14664, -9016, 3640, 0, 0
171703, 14784, -9052, 3528, 0, 0
171748, 14796, -9088, 3536, 0, 0
171780, 14812, -9056, 3528, 0, 0
171820, 14900, -9060, 3660, 0, 0
171851, 14852, -8956, 3504, 0, 0
171883, 14832, -8996, 3504, 0, 0
171919, 14720, -9104, 3604, 0, 0
171990, 14792, -9060, 3672, 0, 0
172024, 14760, -8944, 3468, 0, 0
172059, 14732, -9052, 3504, 0, 0
172091, 14844, -9032, 3672, 0, 0
172123, 14848, -9000, 3428, 0, 0
172160, 14740, -8964, 3436, 0, 0
172191, 14720, -9140, 3568, 0, 0
172223, 14896, -8964, 3576, 0, 0
172259, 14812, -9052, 3496, 0, 0
172291, 14704, -9008, 3628, 0, 0
172322, 14652, -8956, 3624, 0, 0
172359, 14916, -9104, 3656, 0, 0
172391, 14784, -8960, 3564, 0, 0
172423, 14636, -9016, 3484, 0, 0
172460, 14792, -9000, 3548, 0, 0
172491, 14904, -8960, 3508, 0, 0
172523, 14728, -9016, 3480, 0, 0
172559, 14804, -9104, 3532, 0, 0
172591, 14848, -9016, 3636, 0, 0
172622, 14772, -9040, 3548, 0, 0
172659, 14800, -9064, 3452, 0, 0
172691, 14848, -9064, 3548, 0, 0
172723, 14744, -9004, 3564, 0, 0
172759, 14812, -9068, 3540, 0, 0
172791, 14676, -9084, 3596, 0, 0
172823, 14772, -9108, 3580, 0, 0
172859, 14820, -9036, 3484, 0, 0
172891, 14900, -9072, 3492, 0, 0
172922, 14856, -9064, 3488, 0, 0
172959, 14812, -9120, 3520, 0, 0
172991, 14788, -9080, 3524, 0, 0
173059, 14760, -8952, 3524, 0, 0
173090, 14852, -9032, 3572, 0, 0
173122, 14920, -9104, 3492, 0, 0
173159, 14792, -9100, 3580, 0, 0
173191, 14676, -8984, 3616, 0, 0
173222, 14896, -9000, 3576, 0, 0
173259, 14796, -9212, 3528, 0, 0
173291, 14812, -8984, 3552, 0, 0
173323, 14764, -9112, 3668, 0, 0
173359, 14808, -9060, 3476, 0, 0
173388, 14796, -8972, 3532, 0, 0
173420, 14792, -9008, 3420, 0, 0
173459, 14868, -9068, 3516, 0, 0
173491, 14688, -9024, 3636, 0, 0
173522, 14760, -8948, 3616, 0, 0
173559, 14848, -9100, 3560, 0, 0
173591, 14844, -9100, 3700, 0, 0
173623, 14680, -9040, 3488, 0, 0
173659, 14752, -9056, 3564, 0, 0
173690, 14920, -9044, 3636, 0, 0
173723, 14860, -9040, 3564, 0, 0
173759, 14788, -8976, 3560, 0, 0
173791, 14720, -9040, 3664, 0, 0
173822, 14872, -9100, 3500, 0, 0
173859, 14848, -9004, 3600, 0, 0
173891, 14808, -8968, 3568, 0, 0
173923, 14868, -8964, 3624, 0, 0
173959, 14792, -9088, 3484, 0, 0
173990, 14852, -8936, 3620, 0, 0
174022, 14820, -9024, 3624, 0, 0
174059, 14796, -9000, 3628, 0, 0
174132, 14820, -9080, 3424, 0, 0
174167, 14788, -9000, 3388, 0, 0
174199, 14688, -8988, 3544, 0, 0
174231, 14800, -9036, 3424, 0, 0
174263, 14948, -9112, 3492, 0, 0
174299, 14760, -9020, 3460, 0, 0
174330, 14760, -8980, 3736, 0, 0
174363, 14860, -9104, 3440, 0, 0
174399, 14844, -9096, 3556, 0, 0
174431, 14548, -9012, 3524, 0, 0
174467, 14912, -9060, 3544, 0, 0
174499, 14892, -9068, 3728, 0, 0
174531, 14828, -9108, 3424, 0, 0
174563, 14740, -8988, 3532, 0, 0
174599, 14912, -9140, 3428, 0, 0
174630, 14692, -8920, 3544, 0, 0
174662, 14760, -9124, 3424, 0, 0
174699, 14684, -9136, 3508, 0, 0
174731, 14948, -9024, 3452, 0, 0
174763, 14824, -9116, 3648, 0, 0
174799, 14776, -9036, 3320, 0, 0
174831, 14784, -9084, 3552, 0, 0
174863, 14844, -9112, 3544, 0, 0
174899, 14820, -9008, 3504, 0, 0
174930, 14640, -9028, 3508, 0, 0
174966, 14880, -9256, 3508, 0, 0
174999, 14884, -8956, 3584, 0, 0
175031, 14644, -8996, 3688, 0, 0
175063, 14708, -8868, 3596, 0, 0
175099, 15004, -8964, 3448, 0, 0
175131, 14852, -9012, 3556, 0, 0
175163, 14760, -8948, 3532, 0, 0
175199, 14932, -9076, 3544, 0, 0
175270, 14792, -8988, 3528, 0, 0
175302, 14792, -9068, 3600, 0, 0
175339, 14744, -9048, 3880, 0, 0
175371, 14928, -8920, 3652, 0, 0
175403, 14788, -9080, 3376, 0, 0
175439, 14808, -9024, 3604, 0, 0
175471, 14776, -9180, 3516, 0, 0
175503, 14764, -9008, 3532, 0, 0
175539, 14808, -8752, 3108, 0, 0
175570, 14840, -9004, 3556, 0, 0
175602, 14972, -9192, 3592, 0, 0
175639, 14584, -9068, 3052, 0, 0
175671, 15116, -8920, 3632, 0, 0
175703, 15168, -9344, 3500, 0, 0
175739, 15028, -9092, 3284, 0, 0
175771, 15004, -8816, 3156, 0, 0
175803, 14940, -8836, 2460, 0, 0
175839, 15364, -8912, 3332, 0, 0
175870, 15116, -9196, 3256, 0, 0
175902, 15036, -8888, 2704, 0, 0
175939, 15160, -8984, 3372, 0, 0
175971, 15004, -8928, 2940, 0, 0
176003, 15364, -9016, 2208, 0, 0
176039, 15368, -8988, 3320, 0, 0
176071, 14428, -9032, 2800, 0, 0
176103, 15412, -9488, 3112, 0, 0
176139, 15496, -9068, 3172, 0, 0
176171, 15088, -8288, 2628, 0, 0
176202, 14284, -8948, 2696, 0, 0
176278, 15472, -8784, 2664, 0, 0
176310, 15388, -8756, 2840, 0, 0
176342, 14924, -8776, 2888, 0, 0
176379, 15532, -8772, 2792, 0, 0
176411, 15368, -8460, 2724, 0, 0
176443, 15392, -8556, 2688, 0, 0
176479, 15288, -8752, 2776, 0, 0
176510, 14600, -7300, 3152, 0, 0
176542, 15496, -8688, 2808, 0, 0
176579, 14676, -8740, 2672, 0, 0
176614, 15192, -8816, 2868, 0, 0
176647, 15640, -9088, 2980, 0, 0
176681, 14828, -8964, 2540, 1, 0
176719, 15156, -9120, 2856, 1, 0
176751, 14828, -8776, 2772, 1, 0
176783, 15052, -8848, 2748, 1, 0
176819, 15104, -8744, 2756, 1, 0
176850, 15084, -8928, 2808, 1, 0
